1.041279999999999983e-01 -4.797301599999999680e-03 -2.265278703999999699e-02 1.353630160480000066e+00 -8.530499980574611507e-04 -1.238219997180363874e-04 -3.090759992961817368e-04 9.999995807228321265e-01
2.082539999999999947e-01 -1.561803359999999925e-03 -1.937862160000000319e-02 1.353891069439999928e+00 -1.915236067431452712e-05 -2.532720388289655118e-04 -1.144621950297523144e-03 9.999993126632898965e-01
3.125040000000000040e-01 -3.915851679999999592e-03 -2.016115920000000061e-02 1.348018792640000241e+00 5.029027242189500592e-04 -2.201732480382554834e-05 -2.480041705417282416e-03 9.999967979934869522e-01
4.166250000000000231e-01 -6.054986079999998862e-03 -2.483867359999999622e-02 1.339847629119999439e+00 -1.632543734555250690e-04 6.016863068466695726e-05 -3.527410492088436759e-03 9.999937635320360618e-01
5.207549999999999679e-01 -1.912052480000000273e-03 -2.099937215999999121e-02 1.362817703519999757e+00 -4.074286631615525712e-04 -5.431909644921938563e-05 -3.941469393951373655e-03 9.999921479043406558e-01
6.250040000000000040e-01 -9.266743200000003566e-03 -1.604588752000000312e-02 1.364043832319999927e+00 -5.616901230836535098e-04 1.845657187744669263e-04 -4.800874654728328958e-03 9.999883009526914224e-01
7.291279999999999983e-01 -3.842735519999997823e-03 -1.924077167999999408e-02 1.377890015840000926e+00 -2.418692910552215072e-04 -1.785346106663598682e-04 -5.268390483361150983e-03 9.999860767462483979e-01
8.332519999999999927e-01 -1.173425136000000139e-02 -2.674975263999999561e-02 1.380212481439998751e+00 7.854530191906570688e-04 -8.983854286513359960e-05 -4.714836548900518814e-03 9.999885725891611843e-01
9.375059999999999505e-01 -7.444247199999999391e-03 -1.761234176000002136e-02 1.359345713440000658e+00 1.144812909139902293e-03 -1.187128900273042823e-04 -2.895137130980731787e-03 9.999951467340458811e-01
1.041630000000000056e+00 -3.235752415999999798e-02 -1.719054479999997803e-02 1.372355387520001191e+00 5.788316770655021083e-04 4.201038381778533087e-04 2.976177714439050335e-04 9.999996999451135071e-01
1.145874999999999977e+00 5.814924959999991788e-03 -2.602216031999999776e-02 1.382732420159998421e+00 -2.368745222473855864e-06 -2.900349596951381321e-04 3.219301534016690176e-03 9.999947759722268570e-01
1.250002999999999975e+00 -1.977332447999999646e-02 -2.343483792000000329e-02 1.383502789759999851e+00 -4.756758355599650240e-04 6.229104300359722835e-05 5.078606864764703688e-03 9.999869887176725536e-01
1.354254999999999987e+00 2.990569919999998272e-03 -2.373752368000002499e-02 1.397877632320000174e+00 -1.355123777742223666e-03 2.931008426647981513e-04 4.423942165302039570e-03 9.999892531758333147e-01
1.458401000000000058e+00 -7.872236319999994722e-03 -1.243372207999998529e-02 1.404456626560000032e+00 -7.086268683119891117e-04 9.146131174034775305e-05 1.145401986664234357e-03 9.999990887681242668e-01
1.562526000000000082e+00 3.999702719999997935e-03 -2.401733359999998554e-02 1.366905421440000046e+00 9.356235926087318449e-04 -2.423714658381946933e-04 -2.312553885641437535e-03 9.999968589746127678e-01
1.666754000000000069e+00 -1.135944991999999522e-02 -2.077869872000001616e-02 1.413159856159999395e+00 1.013758203639964503e-03 1.692448695096020769e-04 -4.119065835326155348e-03 9.999909884329573062e-01
1.771006999999999998e+00 -3.344658720000006583e-03 -2.083488783999999303e-02 1.371045894400000131e+00 8.557354679540118492e-04 2.220669518494275765e-04 -3.225923260278333506e-03 9.999944058954514103e-01
1.875129000000000046e+00 -1.040355887999998633e-02 -1.986471968000001753e-02 1.410627884640000884e+00 -9.764692901055844034e-04 1.631086698987400474e-04 -7.549644121611252204e-04 9.999992249657114751e-01
1.979376999999999942e+00 6.940870560000001258e-03 -2.034922239999998120e-02 1.421149094560000048e+00 -1.726128242805752451e-03 1.840984616705441859e-04 8.202501815183887686e-04 9.999981568876441518e-01
2.083502000000000187e+00 -1.622613616000001882e-02 -2.684436560000003427e-02 1.386869675359999610e+00 -1.239187253321783790e-03 4.702272555884615644e-04 -1.316419279995276409e-04 9.999991129854476357e-01
2.187758999999999787e+00 -1.452047999999984008e-03 -1.203777535999994014e-02 1.428561353440002790e+00 8.605227619838194241e-04 -5.571857396394011439e-05 -3.317014526302534180e-03 9.999941268880778722e-01
2.291881000000000057e+00 3.305018079999997790e-03 -2.044351088000007435e-02 1.395060361759994816e+00 1.216738626375284084e-03 -1.286697302646616322e-04 -5.552213137487986561e-03 9.999838378296379560e-01
2.396132000000000151e+00 -7.059819520000011964e-03 -7.817615519999921575e-03 1.425811791040003884e+00 1.558833489542999808e-03 2.337632859612038584e-04 -5.687696673138245562e-03 9.999825825980331873e-01
2.500256999999999952e+00 -1.236187679999994817e-03 -2.680826720000003757e-02 1.407850903679996657e+00 2.328190024394802802e-04 3.217194595355990137e-04 -4.166434883126636166e-03 9.999912415177776293e-01
2.604382999999999893e+00 -1.447870319999999301e-02 -3.405274288000002120e-02 1.424322563040000489e+00 1.092089147480870045e-03 3.069581424366445350e-04 -2.155230468454599931e-03 9.999970340454118478e-01
2.708628000000000036e+00 -4.146638079999995577e-03 -1.921527295999999815e-02 1.411728683039999321e+00 -2.896376390422134386e-04 1.270743230740037713e-04 -8.609432244490497054e-04 9.999995793693708945e-01
2.812756999999999952e+00 1.944919600000000193e-02 -2.495989391999999668e-02 1.448778647680002862e+00 -5.576288395656969201e-04 -4.727212778978981097e-04 -2.973663860463057881e-04 9.999996885789030898e-01
2.916881000000000057e+00 -2.158081328000000312e-02 -3.001656319999998143e-02 1.427123717759999355e+00 -8.409458232850850227e-04 1.441431678499978223e-04 2.933312038073744880e-04 9.999995929947542717e-01
3.021005999999999858e+00 3.136369599999995830e-03 -3.252133247999994953e-02 1.430895094720000094e+00 -3.658799317316482674e-04 -1.694291750507048548e-04 2.111957470627929667e-03 9.999976885279647787e-01
3.125255999999999812e+00 -4.445376000000101822e-04 -1.502077408000007663e-02 1.443734011199999889e+00 2.266934917431448265e-04 -5.880516914281592051e-05 4.508104042323764910e-03 9.999898110230704962e-01
3.229379000000000222e+00 -2.407911999999999553e-02 -2.672276671999991929e-02 1.455934648479999982e+00 -2.233732569479775882e-04 1.848173798547905961e-04 6.760517718530624498e-03 9.999771054114696689e-01
3.333502000000000187e+00 6.327846719999996941e-03 -1.896715392000000722e-02 1.451144620640001159e+00 9.429282260044010073e-05 -4.984025179163874058e-04 7.989716879339270675e-03 9.999679530504873570e-01
3.437628999999999824e+00 -2.977020175999998269e-02 -3.899208560000003848e-02 1.445094285439996851e+00 -3.181290110787919666e-04 2.517651573198088043e-04 7.682508092439161579e-03 9.999704068009451774e-01
3.541754000000000069e+00 1.890474559999999818e-02 -1.521897727999997792e-02 1.444884752479999701e+00 5.069226935970932079e-04 -5.238891322831037804e-04 6.943634376063483916e-03 9.999756269585831081e-01
3.645880000000000010e+00 2.532404159999984868e-03 -2.379563264000002232e-02 1.475313837920002147e+00 -1.373774964718515275e-04 -7.042908672273682537e-04 5.975352905419343413e-03 9.999818899657400006e-01
3.750007000000000090e+00 -6.570422559999996269e-03 -3.041369967999996496e-02 1.454651735679997504e+00 -5.870356204891199027e-04 -2.980611293080535950e-04 5.670103934548832540e-03 9.999837081023446039e-01
3.854131000000000196e+00 -2.716130144000001440e-02 -1.680765840000002231e-02 1.442364029600004205e+00 2.574898239706977301e-04 -5.909001211370349706e-04 6.183091315203733708e-03 9.999806767722191347e-01
3.958276000000000128e+00 -1.700951199999959761e-03 -2.369052815999999478e-02 1.479523614399999465e+00 -1.589700558325748416e-04 -3.008334659760596836e-04 6.519413798074672264e-03 9.999786905086910371e-01
4.062382999999999633e+00 -1.921010832000004387e-02 -2.008880016000008650e-02 1.476902978719992765e+00 -5.149295997476697291e-04 -5.689211829170866524e-04 6.822582908001608576e-03 9.999764314915918773e-01
4.166506000000000043e+00 2.487680000003988889e-06 -3.576453712000000201e-02 1.471710054880004614e+00 -5.720168675858679002e-04 -5.025032771946478334e-04 6.146706033082096135e-03 9.999808189620952303e-01
4.270633000000000123e+00 -4.368203839999959537e-03 -1.526672991999998563e-02 1.490799159199997392e+00 1.645130913563173426e-04 -4.675524386800832921e-04 4.723625098785996269e-03 9.999887207844325721e-01
4.374755999999999645e+00 -2.350784592000003739e-02 -2.147895359999993370e-02 1.457204663200003969e+00 2.301839996572896331e-04 1.002931869583571041e-04 2.948631760886384016e-03 9.999956212540840328e-01
4.478883999999999865e+00 -4.215170959999998967e-02 -1.969025759999990660e-02 1.481644631999999850e+00 -5.315627263836810832e-06 4.486755104778599574e-04 1.686302917461219826e-03 9.999984775210915000e-01
4.583131999999999984e+00 1.876870736000000109e-02 -2.501865184000012093e-02 1.461453133919996761e+00 -4.418300009697398488e-04 -3.159725129821330932e-04 5.120580518566046450e-04 9.999997213720476230e-01
4.687259000000000064e+00 -1.690400192000001897e-02 -1.943218783999990304e-02 1.474578890720007696e+00 -3.213129599099596545e-04 3.139932698314604393e-04 -1.277962115121213452e-03 9.999990824890994112e-01
4.791383999999999865e+00 4.270075680000012808e-03 -2.592424848000002974e-02 1.432158700959990094e+00 7.273178782875440137e-05 -1.006124048473015618e-05 -2.748422433772119283e-03 9.999962203843492103e-01
4.895504999999999995e+00 -1.354320031999999528e-02 -2.173118272000001266e-02 1.438985895360010314e+00 3.717255330493844678e-04 4.216278632943680060e-04 -4.282549973978563677e-03 9.999906718643896131e-01
4.999629999999999797e+00 -1.606089472000000670e-02 -1.591312112000010937e-02 1.451918262079990862e+00 3.342504250508772736e-04 1.866342758537620087e-04 -4.869647115679797723e-03 9.999880699194710898e-01
5.103758000000000017e+00 -1.820511263999996521e-02 -2.558578879999993602e-02 1.469273128960001840e+00 1.699378957106298491e-04 4.644677785959993427e-04 -3.767980691396495812e-03 9.999927788300790876e-01
5.207868999999999637e+00 -8.580440960000020392e-03 -2.826212687999993603e-02 1.389080925439996728e+00 -7.870519087846237095e-04 1.930728585923162735e-04 -1.519028797969765743e-03 9.999985179107393485e-01
5.311997999999999998e+00 -1.417745055999999025e-02 -2.021788912000006128e-02 1.455883083200002481e+00 -8.056044416893979676e-04 3.151232502857537632e-04 1.361820685923820044e-03 9.999986985707731701e-01
5.416244999999999976e+00 -7.897762079999998824e-03 -2.564422223999994824e-02 1.412360445600006065e+00 -2.352407581897823644e-04 3.608046343226680103e-04 4.577608981153124396e-03 9.999894299330454039e-01
5.520243999999999929e+00 -3.544981856000002651e-02 -1.495485055999997044e-02 1.452749904319994512e+00 4.289215385268558894e-04 5.760723935267925968e-04 8.920976207911907041e-03 9.999599493731782252e-01
5.624505000000000088e+00 2.474430400000174270e-04 -1.436253936000008759e-02 1.447695587520007043e+00 3.256118806626945262e-04 9.105747836163153501e-05 1.287832792341229993e-02 9.999170137343077469e-01
5.728633000000000308e+00 -2.823473535999995385e-02 -1.590262960000000253e-02 1.340858573599992720e+00 8.725810826138639779e-05 6.391521823454886795e-04 1.535994403487008809e-02 9.998818210117412786e-01
5.832639000000000351e+00 1.616107791999999918e-02 -2.848566655999991773e-02 1.503963583200001342e+00 -2.446480293897515708e-04 -1.583810770710529091e-04 1.626917728987723258e-02 9.998676057024182828e-01
5.936757000000000062e+00 -1.023585680000002607e-02 -3.180758464000009444e-02 1.418065912640001036e+00 1.141494561667209004e-04 9.197083211723359976e-05 1.596499995140331085e-02 9.998725405209503148e-01
6.040888999999999953e+00 -9.498124480000039865e-03 -1.757670303999994688e-02 1.421882446400003719e+00 4.822137411813189013e-04 3.971024272277754352e-05 1.496474945504590315e-02 9.998879048007091042e-01
6.145012000000000363e+00 -2.198460160000021216e-03 -2.726075455999996816e-02 1.391556491519990502e+00 -1.981195354115329176e-04 -1.190540849572951210e-04 1.373235231033074349e-02 9.999056800892769381e-01
6.249010000000000176e+00 9.996985440000046713e-03 -2.087425808000000285e-02 1.422391744800006519e+00 2.499947260079176301e-06 -3.668280623386493034e-04 1.323991926561310199e-02 9.999122811370820818e-01
6.353134999999999977e+00 1.436272863999998872e-02 -1.327123199999998872e-02 1.393426091200004713e+00 3.289121320485187102e-04 -5.366738986182036011e-04 1.278704459829544011e-02 9.999180442858189855e-01
6.457259999999999778e+00 -1.936377663999997931e-02 -1.830932480000008883e-02 1.422166095999996882e+00 -2.335238368958775972e-04 -3.784465817026559892e-04 1.235594034045114052e-02 9.999235635702887759e-01
6.561385999999999719e+00 -6.210114560000025603e-03 -1.488011199999990895e-02 1.427304236799991299e+00 -2.532279946895957387e-04 -4.422923501044381160e-04 1.189730083566514426e-02 9.999290947291641363e-01
6.665511000000000408e+00 -2.805216127999994244e-02 -3.356707744000010651e-02 1.367425995520011206e+00 -5.440527257097072271e-04 -4.069380181891889508e-04 1.112948523785560820e-02 9.999378345509392085e-01
6.769636000000000209e+00 -7.403389760000021920e-03 -2.187522479999999547e-02 1.381131976639997205e+00 -2.625769952711971508e-04 -6.121142447680255920e-04 9.891634989560207925e-03 9.999508547557256488e-01
6.873636000000000301e+00 1.462304271999993917e-02 -4.273066303999995680e-02 1.400427369119994658e+00 -2.349316677268609632e-04 -4.932194405108330333e-04 7.808249607583814603e-03 9.999693659206569940e-01
6.977758999999999823e+00 -3.494882143999997193e-02 5.590790400001133340e-04 1.400111460799998042e+00 4.537746931230767248e-04 -1.621097393432541429e-04 5.545718753559265163e-03 9.999845062862058320e-01
7.081884999999999764e+00 -6.069479520000030034e-03 -1.108775200000005658e-02 1.376374207520001614e+00 1.914563243440440860e-04 -3.618850536488468078e-04 3.926147385699707906e-03 9.999922088448437441e-01
7.186012999999999984e+00 -1.923460655999995397e-02 -2.303213120000009023e-02 1.363132395040006717e+00 3.607870774490959105e-04 1.369434484461552574e-04 3.537517354881394675e-03 9.999936685050263563e-01
7.290010999999999797e+00 -1.415130288000000965e-02 -2.748670079999999613e-02 1.393103747359991873e+00 1.453248067587752427e-04 -1.520654641971623491e-05 3.686516364917737446e-03 9.999931941001162228e-01
7.394135000000000346e+00 -2.359294079999985430e-03 -6.642375999999249915e-04 1.362635994720002408e+00 6.012756183015049039e-04 -4.032129167042413666e-05 3.899011435715931187e-03 9.999922172455386615e-01
7.498255999999999588e+00 -3.762031935999998744e-02 -4.465796608000001389e-02 1.289947904959996006e+00 -3.864950974772790072e-04 4.247428730892655784e-04 4.639149305937419893e-03 9.999890741946876327e-01
7.602386000000000088e+00 2.466215647999995056e-02 -1.637504543999995094e-02 1.418433359200011123e+00 -7.795318359396298828e-04 -4.139292822586579618e-04 5.154740725906816097e-03 9.999863247268507838e-01
7.706382999999999761e+00 -6.720224159999993452e-02 -2.766319087999997636e-02 1.342205976799993428e+00 -5.718162750267942549e-04 7.138117372578668034e-04 6.136754153750808433e-03 9.999807516884551273e-01
7.810510999999999981e+00 7.631742560000002486e-03 -2.714361728000008397e-02 1.331749176159994885e+00 5.219646586025256845e-04 -1.815648422229453008e-04 6.561550045432616197e-03 9.999783200890429713e-01
7.914632000000000112e+00 1.109567471999991888e-02 -2.269710560000006219e-02 1.438947228160005087e+00 1.219962618939466736e-03 -4.184053641216732458e-04 6.178130127302187448e-03 9.999800834698107099e-01
8.018762999999999863e+00 -2.013895935999995487e-02 -2.236689311999994281e-02 1.304730483679995556e+00 7.636387959466775684e-04 3.065563237583380477e-04 6.543421785669430342e-03 9.999782530187065754e-01
8.122759999999999536e+00 -1.574314767999998588e-02 -2.353902303999990536e-02 1.272309361440001396e+00 -8.793572670700166996e-04 1.120484678099552381e-04 5.073919431547643626e-03 9.999867346707854709e-01
8.226883000000000834e+00 -8.609184479999995240e-03 -1.294342607999991387e-02 1.362913208799991560e+00 -6.528932075896273302e-04 9.055252814920448847e-05 2.454620721291599170e-03 9.999967701786910412e-01
8.331011000000000166e+00 6.479054399999845245e-04 -2.205525711999998736e-02 1.318971532320003304e+00 -3.047409651703563566e-04 5.723111748702701092e-04 1.067146084200802734e-03 9.999992203957451808e-01
8.435138000000000247e+00 -2.377859743999998290e-02 -2.991554176000024365e-02 1.291753014240017761e+00 3.560210232763544075e-04 5.662045984423970391e-04 -3.213435345276146921e-04 9.999997246998203471e-01
8.539282000000000039e+00 -8.983066560000021669e-03 -3.127824960000008536e-02 1.330305104959981000e+00 1.011788454201192726e-03 3.053528895325461462e-04 -4.825038569400060006e-04 9.999993251166546804e-01
8.643387000000000597e+00 -1.734069791999995683e-02 -1.244762063999970553e-02 1.320273805760016517e+00 1.180914601669980687e-03 6.574491025438458647e-04 1.623208484037104134e-03 9.999977691953111369e-01
8.747509000000000867e+00 1.683496880000000251e-02 -1.167322208000016320e-02 1.385722124799981358e+00 3.230044787286204385e-04 4.300642245428309106e-04 4.933418054065519601e-03 9.999876859737690804e-01
8.851634999999999920e+00 -3.060733312000002079e-02 -3.044117232000013995e-02 1.297310193920003796e+00 -1.378134671647593705e-03 8.941378609634590899e-04 6.419777450585852259e-03 9.999780436188573374e-01
8.955762999999999252e+00 -7.416233760000015551e-03 -6.742964799996964669e-04 1.336274860960000810e+00 -8.518994855340511528e-04 5.779056416526810519e-04 5.583844451697621281e-03 9.999838803568160683e-01
9.059886000000000550e+00 8.106916480000000286e-03 -2.894226400000031105e-02 1.354661249760006125e+00 -4.130161948330247045e-04 2.144866160718365367e-04 5.621753117960628411e-03 9.999840895259258788e-01
9.164011999999999603e+00 -5.520919040000009381e-03 -1.357380959999983198e-02 1.339240418879997119e+00 3.601932794636202939e-04 5.201518627333118205e-04 5.777435411494907629e-03 9.999831103288231438e-01
9.268134999999999124e+00 2.874324960000017998e-03 -1.827557887999983754e-02 1.331504220800008964e+00 3.357427222785225123e-04 6.793802924135249706e-04 7.012468910621090686e-03 9.999751251901320970e-01
9.372258999999999673e+00 -9.836854559999993336e-03 -3.620526208000011958e-02 1.307341466079990244e+00 3.256186756388995896e-05 7.764449218033624232e-04 9.467114322641207586e-03 9.999548838919735116e-01
9.476392000000000593e+00 9.572430399999954861e-03 -1.074748063999997512e-02 1.362152465439994131e+00 5.243090244829547641e-04 3.213097408002629123e-04 1.062000793277408442e-02 9.999434170449871262e-01
9.580512999999999835e+00 -9.538387039999955339e-03 -1.875708016000007111e-02 1.337190327199999196e+00 4.676575748469757507e-04 6.112432619145535513e-04 1.132995319569831370e-02 9.999355178403508404e-01
9.684639999999999915e+00 8.212048000000013448e-03 -7.884864000000079906e-03 1.323600401760008927e+00 4.100373064435703123e-04 5.865671067315559629e-04 1.121708416476940515e-02 9.999368304204406810e-01
9.788783999999999708e+00 7.358259999999947239e-03 -3.135501615999983227e-02 1.332135983359997500e+00 -8.768489441362504674e-04 4.911253900508655464e-04 1.073827025449624294e-02 9.999418380504547788e-01
9.892887999999999238e+00 3.476519279999999712e-02 -4.482023312000016357e-02 1.335784923200002750e+00 -9.021534159675127611e-04 6.124099733642402127e-05 9.761004771425463647e-03 9.999519514229704420e-01
9.997009999999999508e+00 -8.217807519999982893e-03 -2.083945759999974220e-03 1.352546694720005993e+00 2.851511613046813442e-04 3.724399527352874350e-04 8.876859038442003885e-03 9.999604898949300269e-01
1.010113999999999912e+01 7.948759520000034037e-03 -2.784590015999987081e-02 1.336107239999989149e+00 -1.757233406980475714e-04 1.370141961307351063e-04 8.168960240252461438e-03 9.999666086610146110e-01
1.020526000000000089e+01 -1.395345120000020429e-03 -9.416815200000152111e-03 1.337551365279995297e+00 -2.099700631944055704e-04 -8.673246072503911581e-05 6.353854632625214292e-03 9.999797882564228635e-01
1.030939000000000050e+01 1.549075631999999141e-02 -9.464567839999785126e-03 1.343882132320008971e+00 3.862718911993199503e-04 -2.652741646675058356e-04 4.875333075254045974e-03 9.999880057035930303e-01
1.041338999999999970e+01 5.202793439999998937e-03 -1.633407983999993554e-02 1.348820420479990512e+00 4.485160609102575776e-05 -5.420080334834813602e-04 3.586010387161935476e-03 9.999934223509313602e-01
1.051750999999999969e+01 1.141431408000003443e-02 -2.207537488000027928e-02 1.332832263360016922e+00 -3.637145473184541294e-04 -6.453416512037633444e-04 2.033801607805998252e-03 9.999976574457070111e-01
1.062163999999999930e+01 1.270863775999994325e-02 -3.625398815999998636e-02 1.333412460639989972e+00 -3.695480119280787840e-04 -5.157014898180367450e-04 6.112900651970721438e-04 9.999996119052729782e-01
1.072575999999999929e+01 -3.796172640000003515e-03 -8.292464959999808205e-03 1.337809218720003690e+00 1.400178584181788904e-04 -3.619745560222664650e-04 -2.800101998104761048e-05 9.999999242926786991e-01
1.082989000000000068e+01 -9.554124320000021917e-03 -2.880790224000010988e-02 1.338557063999990637e+00 -6.181022197637097245e-06 -5.923405417078452580e-04 -3.661656297552937046e-04 9.999997575085751711e-01
1.093402000000000029e+01 3.857848176000008844e-02 -1.862912687999987438e-02 1.317682184000002810e+00 3.055612634845871053e-04 -8.045131296697660001e-04 -5.346788898375649801e-04 9.999994867545799471e-01
1.103814000000000028e+01 -1.225588000000062345e-03 -3.191831344000016502e-02 1.336932446720012768e+00 1.030179840492205338e-03 -5.777001098612041200e-04 -1.679419491059692179e-03 9.999978922689048977e-01
1.114226999999999990e+01 2.074557471999999986e-02 -2.583753119999951647e-03 1.331168978879985643e+00 5.493291338752637242e-04 -6.654886995114083197e-04 -5.528301468741745293e-03 9.999843465000659570e-01
1.124638999999999989e+01 -1.970567039999986288e-03 -3.905557552000010757e-02 1.377689379040001327e+00 -1.367201599488535816e-03 -3.353628542878932120e-04 -1.206505734907086652e-02 9.999262236198758202e-01
1.135051999999999950e+01 1.987161488000004431e-02 -1.677183039999805610e-03 1.358593812160014291e+00 -4.283695948829653751e-04 -8.994711980159877159e-04 -1.936363170650234194e-02 9.998120109391510635e-01
1.145463999999999949e+01 -6.283906720000023705e-03 -2.532498800000023906e-02 1.362088029119994381e+00 1.510788259627130446e-03 -6.007493961406480936e-04 -2.475339082150321973e-02 9.996922657807427726e-01
1.155878000000000050e+01 -7.658431040000026994e-03 -2.586873535999998155e-02 1.316470170079988566e+00 1.473781913916625717e-03 3.826514058634510485e-04 -2.637257087469530720e-02 9.996510236328631782e-01
1.166301999999999950e+01 -1.247625600000001889e-02 -4.587933583999995180e-02 1.368457490400015297e+00 8.360211277332467742e-04 4.131892787667064458e-04 -2.448545122115464157e-02 9.996997514362950810e-01
1.176716000000000051e+01 -1.737371375999993695e-02 -3.089928399999992276e-02 1.348304659519993454e+00 -5.794862778560517938e-05 4.761651646975180669e-04 -2.295616758748448422e-02 9.997363573854799457e-01
1.187125999999999948e+01 2.111410287999993668e-02 -2.362928256000005126e-02 1.326050198720008177e+00 -1.719128715435415877e-03 2.506668851576456143e-04 -2.462211093877502907e-02 9.996953202928836602e-01
1.197539000000000087e+01 2.140056464000000824e-02 -3.396764799998308625e-04 1.390737774399999571e+00 -8.907748202679658485e-04 1.230886164009091402e-04 -2.832890177948622565e-02 9.995982516458202793e-01
1.207963999999999949e+01 1.315147183999998068e-02 -2.251939871999997234e-02 1.370030515359999423e+00 -8.177816773221511203e-04 -5.450205498733805487e-05 -3.229540455171300145e-02 9.994780313281004247e-01
1.218377000000000088e+01 -6.012289919999924855e-03 -3.372785728000009947e-02 1.302854448480001315e+00 -1.713692051060685957e-04 2.075982823546087153e-04 -3.526164040216821921e-02 9.993780787328171433e-01
1.228789000000000087e+01 2.370677919999997912e-03 -2.979929679999988867e-02 1.368122248479992198e+00 -2.756036934874088527e-04 5.583518920944311034e-04 -3.537758977746532224e-02 9.993738231649386128e-01
1.239202000000000048e+01 -1.308503456000005213e-02 -1.223952080000004043e-02 1.355138316479995941e+00 5.366148796954925936e-04 5.702790314296668451e-04 -3.244642822790332753e-02 9.994731692854733618e-01
1.249625999999999948e+01 4.969519359999981581e-03 -9.229049439999916296e-03 1.351837543680002529e+00 1.086452148747359169e-03 3.238335056842901651e-04 -2.849990605516265069e-02 9.995931522916891021e-01
1.260039000000000087e+01 -1.079342159999999856e-02 -1.516257184000002235e-02 1.381286699520010375e+00 2.794753887531966838e-04 5.261094599158678414e-04 -2.538382133805906077e-02 9.996776013878776457e-01
1.270452000000000048e+01 4.751225440000054166e-03 -2.710732960000023298e-02 1.404379292159983805e+00 -4.478429931253447103e-04 -5.205333664986244431e-05 -2.269598462554293580e-02 9.997423113027581465e-01
1.280864000000000047e+01 6.128426719999961747e-03 -2.325978095999978526e-02 1.317359840160013951e+00 -1.549731104607694461e-04 -7.990181566063352396e-05 -2.112393672533002462e-02 9.997768495500679586e-01
1.291278999999999932e+01 6.944250560000028022e-03 -1.402410671999997777e-02 1.371668003679985537e+00 1.601077453202537793e-03 -2.299130889058187616e-04 -1.918512499976663191e-02 9.998146401557159724e-01
1.301689000000000007e+01 2.438859279999993843e-02 -2.306979792000033933e-02 1.350045332480015237e+00 1.277945902374705940e-03 -4.567910741772960984e-04 -1.584502342564942864e-02 9.998735387181850731e-01
1.312114000000000047e+01 -1.794406847999992921e-02 -3.777363615999978358e-02 1.396011277440002418e+00 4.338176574344759155e-04 3.523100467071932547e-05 -1.227404361949431186e-02 9.999245763627591099e-01
1.322527000000000008e+01 3.963577279999980045e-03 -2.930976464000013132e-02 1.373099203839978966e+00 -5.640418179696202487e-04 1.136864144018855235e-04 -7.580801779538683463e-03 9.999710997706914295e-01
1.332939000000000007e+01 -5.617289600000037637e-03 -2.498490591999987312e-02 1.433609234720010228e+00 -1.000188516549646968e-03 3.695806492122918717e-05 -3.851749865372292719e-03 9.999920811086493444e-01
1.343351999999999968e+01 -9.174671999999455766e-04 -1.977667744000001504e-02 1.371049112160005023e+00 -1.178088302454918194e-03 1.445106425070648152e-04 -2.673527422627303574e-03 9.999957217287213096e-01
1.353763999999999967e+01 -1.388504000000056419e-03 -1.089092783999989766e-02 1.340052727519986053e+00 -1.670010720858079267e-04 -1.736698185580237653e-04 -3.306005279836039205e-03 9.999945061241715116e-01
1.364176999999999929e+01 2.759972800000007678e-02 -2.649811840000005150e-02 1.446206359520015639e+00 -5.642537929218332339e-05 -1.271562952885392289e-03 -5.178603988881145745e-03 9.999857809011885035e-01
1.374591000000000030e+01 -1.548756560000007741e-02 -2.615119519999990760e-02 1.388416904160004739e+00 1.885985322843328855e-03 -9.307084891888015889e-04 -7.408127140781452930e-03 9.999703478070418594e-01
1.385002000000000066e+01 -1.952477279999995097e-02 -3.067909728000024067e-02 1.441113348479984735e+00 2.279789516123238279e-03 -6.303694975849621473e-04 -7.173326609163451287e-03 9.999714738828388017e-01
1.395415000000000028e+01 -6.361768399999999379e-02 -3.144002991999974433e-02 1.395173199679994758e+00 2.668212545952137658e-04 3.538213159545655157e-05 -3.596302975781397095e-03 9.999934970585704352e-01
1.405840000000000067e+01 5.916057264000001981e-02 -4.766067696000009235e-02 1.396655965120003673e+00 -6.200891874422846672e-04 -6.733466354573345528e-04 1.663362376469128918e-04 9.999995672128884072e-01
1.416252000000000066e+01 -5.126435184000000672e-02 -1.855501024000023175e-02 1.363196858399996936e+00 -1.793902494210151749e-03 5.838224060115989157e-04 2.514083314185414086e-03 9.999950602129636934e-01
1.426664000000000065e+01 2.903706623999994726e-02 -3.555732959999968051e-02 1.460183092159996532e+00 -9.839272301808024788e-04 -4.108180475405342493e-04 4.037284165394041703e-03 9.999912816881482147e-01
1.437077000000000027e+01 1.532167520000052210e-03 -1.470402752000009132e-02 1.378230909120017333e+00 -4.509466720586820633e-04 8.097162649696721369e-05 3.908073007388488014e-03 9.999922584980663887e-01
1.447489000000000026e+01 -4.734244319999986010e-03 -1.905303296000002491e-02 1.519236153759991659e+00 -4.321583191133262906e-04 -3.613972468322091953e-04 2.037688654944017595e-03 9.999977652255843674e-01
1.457901000000000025e+01 -2.412105904000003478e-02 -1.974625743999989039e-02 1.386057339680002221e+00 -1.712965890369850218e-04 4.590689900475234319e-04 -1.791242742041683652e-04 9.999998639138084622e-01
1.468313999999999986e+01 1.110876207999997312e-02 -2.583087936000001694e-02 1.337009808160001256e+00 2.422785547583228164e-04 1.451334479096274459e-04 -2.225461958000945258e-03 9.999974837750631451e-01
1.478729000000000049e+01 1.147902080000049894e-03 -2.219846096000003752e-02 1.450925461439994013e+00 -7.154713288795172283e-04 2.177579249881693207e-04 -5.371651185291194570e-03 9.999852929147545755e-01
1.489138999999999946e+01 -8.256285439999995132e-03 2.827329440000081462e-03 1.491295532480011454e+00 -3.205008897624082669e-04 1.788548671199789210e-04 -9.321584398658501122e-03 9.999564857304614751e-01
1.499552000000000085e+01 1.559180479999999671e-03 -4.062938464000028643e-02 1.342412264959986334e+00 -2.370472127798746345e-04 1.959316103441865054e-04 -1.226678608387263628e-02 9.999247128552206654e-01
1.509964000000000084e+01 -9.764414400000503763e-04 -2.338508431999987425e-02 1.454148872799998937e+00 2.105211164522171989e-03 4.181903687920562933e-05 -1.246616326741745336e-02 9.999200773614413951e-01
1.520378999999999969e+01 -8.554509599999973388e-03 -1.738915359999997079e-02 1.472522363520017752e+00 2.761686520358755392e-03 -8.753601470671515828e-05 -7.825794347564673722e-03 9.999655605908831513e-01
1.530802000000000085e+01 -3.436310799999998944e-02 -3.942361696000001858e-02 1.380990124799992502e+00 -1.224736176167969025e-04 1.050813897156525119e-03 6.532213571562353041e-04 9.999992270458137877e-01
1.541214000000000084e+01 -1.810181984000001562e-02 -2.471518191999999559e-02 1.465417955039996389e+00 -1.783955701151385912e-03 6.203142687876957249e-04 9.430392837296113634e-03 9.999537491320278360e-01
1.551627000000000045e+01 -1.629944159999996900e-03 -3.036400015999985574e-02 1.439578990720005836e+00 -1.122099340446664449e-03 4.257340639797368596e-04 1.376309099667141420e-02 9.999045639308754563e-01
1.562039000000000044e+01 6.493980479999962412e-03 -1.755171808000033709e-02 1.456921013599986603e+00 -1.983657286952459243e-04 -2.565173356452979565e-04 1.316948293294925923e-02 9.999132260197246547e-01
1.572452000000000005e+01 1.293864000000055550e-04 -2.446654911999990301e-02 1.449648984160001763e+00 2.603535498423125098e-06 -6.936692236147246667e-04 1.060132615106323950e-02 9.999435637575094793e-01
1.582864000000000004e+01 -2.597651679999953781e-03 -2.683417151999991507e-02 1.457204663200015959e+00 1.951108560069580186e-04 -4.330469446086828052e-04 8.177972224026833908e-03 9.999664470232991764e-01
1.593265000000000065e+01 -6.340231040000022383e-03 -2.660005919999968230e-02 1.464631415520001978e+00 3.902241403632349744e-04 -1.743653684800134849e-04 7.408900642486481065e-03 9.999724623773936782e-01
1.603677000000000064e+01 -4.476715359999976912e-03 -2.989115168000032463e-02 1.463587049599977652e+00 -3.033928476902043652e-04 -2.106753857386088450e-04 8.005110504857299372e-03 9.999678903717194034e-01
1.614089999999999847e+01 -4.226297919999976761e-03 -1.903510544000007812e-02 1.472715753599999955e+00 -1.686090942179983778e-04 5.553061782263944673e-06 9.165953969064151094e-03 9.999579775310429852e-01
1.624502000000000024e+01 -4.409791360000022559e-03 -3.079290864000000169e-02 1.492365721600035222e+00 1.033433723954760042e-04 -1.497562333170458803e-04 9.531019897618765724e-03 9.999545622441697867e-01
1.634913999999999845e+01 -1.323421424000005217e-02 -2.295033520000017840e-02 1.456933884639994847e+00 6.156644169098928181e-04 1.781795677010836686e-05 9.255711724590458614e-03 9.999569752945961509e-01
1.645326999999999984e+01 -2.689666095999995038e-02 -1.774856927999954315e-02 1.440507355039990722e+00 3.003092276798764314e-04 1.515926781254864364e-04 9.354375311632088033e-03 9.999561902886331399e-01
1.655739000000000161e+01 9.612692959999964010e-03 -3.923222784000018892e-02 1.482514968479974771e+00 -1.532909450739393994e-04 -2.927429467754141140e-04 9.251882153608248852e-03 9.999571458217942910e-01
1.666151999999999944e+01 -6.564284480000013786e-03 -2.159771327999990276e-02 1.555209493759997397e+00 2.197396358532970626e-04 -2.789657504264313865e-04 9.140919291985986558e-03 9.999581578681678851e-01
1.676565000000000083e+01 -1.020787039999993331e-02 -3.445674752000033036e-02 1.517792055520011729e+00 2.483429907251314653e-04 -1.941341994531177944e-05 9.485245875079690789e-03 9.999549830165193054e-01
1.686965000000000003e+01 3.166059519999941257e-03 -3.038314447999953746e-02 1.480219867359998664e+00 1.344127928155107717e-05 -4.626752737952190384e-04 9.921518482499221830e-03 9.999506733944052428e-01
1.697376999999999825e+01 7.260997120000013336e-03 -3.024010288000052518e-02 1.506497204159995551e+00 -1.594025900294638210e-04 -2.952400804402599208e-04 9.763047214057468323e-03 9.999522840281958036e-01
1.707789000000000001e+01 -1.820219232000000117e-02 -2.490454303999976859e-02 1.488858633599998926e+00 2.095990519154018381e-04 -6.321545345343380223e-05 9.834831765635038484e-03 9.999516129074373927e-01
1.718203000000000102e+01 4.095992159999986039e-03 -1.832311519999958380e-02 1.507683421920012812e+00 2.597727961817048402e-04 -1.271580324014319246e-04 1.009236816792012659e-02 9.999490289278210042e-01
1.728613999999999962e+01 -2.481598703999994202e-02 -4.010578208000045025e-02 1.503015885280001962e+00 -9.831445838772608623e-05 9.939738548982789503e-05 8.811134486507396849e-03 9.999611714279147412e-01
1.739027000000000100e+01 -5.742782240000028626e-03 -3.508650911999983135e-02 1.504975744480002930e+00 -2.455525764788906210e-04 2.695232088620742229e-05 6.809943590629154685e-03 9.999767815533503468e-01
1.749439999999999884e+01 -4.104455680000034488e-03 -2.733378959999999136e-02 1.529680029280013676e+00 -2.933004338871585972e-04 -5.678718896377759208e-06 5.571700088199494326e-03 9.999844349292317247e-01
1.759842000000000084e+01 -1.611297375999998921e-02 -3.180709791999979108e-02 1.504666298720000794e+00 -6.129678482466748468e-05 1.486832560481900147e-04 5.115238034818538060e-03 9.999869041521696200e-01
1.770251999999999981e+01 -2.051795199999822776e-04 -3.958842576000033003e-02 1.544249857280002081e+00 6.164195292217221583e-05 -4.869795684667005116e-05 5.532696429971999119e-03 9.999846914323201608e-01
1.780664000000000158e+01 -3.185339040000019061e-03 -3.493703199999970144e-02 1.488213972959975706e+00 1.387712224431117175e-04 -1.010724133990859703e-04 6.013561992622845631e-03 9.999819036357987523e-01
1.791065000000000040e+01 9.793536479999998337e-03 -3.029529151999999642e-02 1.528364857759989981e+00 -4.291053820751329173e-04 1.250446389473721341e-04 6.819617491753028095e-03 9.999766462521390009e-01
1.801476999999999862e+01 -3.480391407999997022e-02 -5.250086400005971000e-04 1.532593994879992039e+00 -6.720062071671543654e-04 3.874991288759143055e-04 7.549768723080002228e-03 9.999711992074125089e-01
1.811890000000000001e+01 1.692639104000000921e-02 -5.238259103999962779e-02 1.525193038720003003e+00 -5.658826709799175429e-04 1.156954771480416682e-04 7.475718892768245735e-03 9.999718896141009949e-01
1.822302000000000177e+01 -3.729943568000002041e-02 -3.615548144000005348e-02 1.519958175840027348e+00 6.708526452581602649e-04 8.924192473536163035e-04 8.059857197530731487e-03 9.999668955753339139e-01
1.832702000000000098e+01 -4.883883680000026227e-03 -4.895889439999973752e-02 1.530221559360005479e+00 5.411228584660970377e-04 4.945079992885879299e-06 8.530852234065602196e-03 9.999634651934833363e-01
1.843114999999999881e+01 1.418172288000004062e-02 8.198771359999966132e-03 1.545745547839975975e+00 1.811364160631659165e-04 -9.037934680265528821e-05 8.444057128195197118e-03 9.999643278239421784e-01
1.853536000000000072e+01 1.850806879999998544e-02 -1.540674303999983903e-02 1.524161543840010902e+00 -4.708924883660678450e-04 -5.343798410826592227e-04 8.258647157873444389e-03 9.999656431325885109e-01
1.863942000000000121e+01 -5.645749200000002577e-02 -5.070432640000714468e-03 1.559309677119993243e+00 4.538133643200623047e-04 7.873102309841583909e-04 8.482328778778726319e-03 9.999636114851976343e-01
1.874348000000000170e+01 3.645911360000009347e-03 -7.288513023999959595e-02 1.532542429600000533e+00 -8.877017999751113993e-04 -4.049134347249812912e-04 9.123160850104828495e-03 9.999579070974575767e-01
1.884753999999999863e+01 -6.222228479999934551e-03 -2.204417071999981853e-02 1.573802170720019600e+00 -2.964772728726333863e-06 -1.311663711280370724e-04 9.276270782490729852e-03 9.999569658675132588e-01
1.895165000000000077e+01 -2.371115968000011079e-02 -2.372838416000042430e-02 1.474391936159993532e+00 -4.677605606582322357e-07 6.811096432091778147e-04 1.029791848353897935e-02 9.999467430640202048e-01
1.905564999999999998e+01 -1.368010383999998525e-02 -2.207115663999987404e-02 1.562919922719991028e+00 -2.871098845741611172e-05 -1.074671277004200825e-04 1.157319919131384774e-02 9.999330221004673058e-01
1.915964999999999918e+01 -1.530377471999999975e-02 -2.831653135999982057e-02 1.570346702080003265e+00 -4.790846427469990529e-05 -7.227112965422786473e-05 1.090032949200503767e-02 9.999405858842957961e-01
1.926377000000000095e+01 1.412320831999997611e-02 -4.032256176000042353e-02 1.568541538719977035e+00 -7.252476518091817599e-04 -2.026570954631743066e-04 9.278690072441673348e-03 9.999566684894324320e-01
1.936786999999999992e+01 -2.715548783999983951e-02 4.245252960000507614e-03 1.542754220800032883e+00 8.303772888666215222e-05 1.298510204667532115e-04 7.090221322873704185e-03 9.999748521863142114e-01
1.947177999999999898e+01 -1.202960928000001636e-02 -2.811989648000049954e-02 1.594174187839996648e+00 2.943221786413311846e-04 -1.021911850645331810e-04 4.980091884795501481e-03 9.999875507306257294e-01
1.957590000000000074e+01 -9.837422400000538081e-04 -3.014784239999955540e-02 1.488420261119992372e+00 2.997551405506540339e-04 9.348219629266941240e-05 3.259914093418144788e-03 9.999946371696392111e-01
1.967990999999999957e+01 1.384004544000004382e-02 8.332646399997045011e-04 1.504382649120019400e+00 -3.837171809402359921e-04 -7.142859859782741468e-05 1.343580155049383523e-03 9.999990212252447552e-01
1.978402000000000172e+01 -2.962610559999986123e-03 -4.669808000000016945e-02 1.576974016799960632e+00 -1.103281254673030287e-03 -7.911266791257490867e-05 3.553627521493786046e-04 9.999993251142589301e-01
1.988806999999999903e+01 -1.139065408000010556e-02 -8.558159999998427026e-04 1.460054165440040519e+00 6.507382583565155323e-04 5.625138786693812320e-04 -7.748095171569841216e-04 9.999993298938093522e-01
1.999212999999999951e+01 1.284329696000008000e-02 -1.572224575999963542e-02 1.571300808479980660e+00 8.340645762068535276e-04 -1.261529428718867756e-04 -1.760563191901564012e-03 9.999980944176669606e-01
2.009615000000000151e+01 -4.372638400000627978e-04 -4.194393424000034121e-02 1.459074262879994199e+00 -5.510142223032221155e-04 3.674494541452102601e-04 -2.095471841899050267e-03 9.999975851780769087e-01
2.020015000000000072e+01 2.603708639999955093e-03 -1.864948799999966225e-02 1.534579623200011955e+00 2.587922914785789966e-04 4.000098950329592580e-04 -1.164148167698820157e-03 9.999992088885257813e-01
2.030426999999999893e+01 -9.342968959999994535e-03 -2.007706480000026258e-02 1.535430599040006117e+00 3.552069993551985839e-04 6.522807841984811991e-04 1.377739244238559502e-03 9.999987750954203447e-01
2.040827000000000169e+01 -8.744735999999664463e-04 -4.593252352000010141e-02 1.524238878239973172e+00 -9.343852348257489671e-05 4.076825193345868679e-04 2.798772095436887278e-03 9.999959959614656002e-01
2.051230999999999938e+01 4.776724159999953812e-03 -2.849742895999991810e-02 1.512325135360000461e+00 1.185928056261858853e-04 4.235592866463719504e-04 3.988814725452071060e-03 9.999919479127634681e-01
2.061639999999999873e+01 4.078873136000010086e-02 -1.716228799999967511e-02 1.502216501760001544e+00 4.201201033912563949e-04 -6.466925760488635656e-05 4.714039048335544498e-03 9.999887985136816093e-01
2.072042000000000073e+01 -6.333595424000006135e-02 -2.476915376000048477e-02 1.557143556800025586e+00 3.634771570642726830e-04 1.369624443042242708e-03 4.233981697548193195e-03 9.999900326564390429e-01
2.082451999999999970e+01 7.251384400000007724e-02 -1.607801104000000300e-02 1.488136584479960778e+00 -2.771014540625158602e-04 -7.933209683324754838e-05 3.584619931776203763e-03 9.999935336896670357e-01
2.092868999999999957e+01 -5.285722416000009777e-02 -4.469311807999952479e-02 1.563848260000045842e+00 -5.013299397056000199e-04 8.018992230037821217e-04 3.205084792214226048e-03 9.999944165131134932e-01
2.103277999999999892e+01 3.466403616000005017e-02 -3.191506863999999527e-02 1.548375863839973166e+00 -1.739211960304314205e-04 -1.813172126494691722e-05 2.538759005233578135e-03 9.999967620574435889e-01
2.113678000000000168e+01 1.546555504000002995e-02 -2.550047760000056021e-02 1.492056275840008883e+00 1.257174062364924865e-03 -1.407585594786884447e-04 1.803318315392017125e-03 9.999975738687860716e-01
2.124088000000000065e+01 5.086575519999910616e-03 -2.939759055999968673e-02 1.562455754080011694e+00 1.271491343572297376e-03 -1.297787134222674324e-04 1.425446690121282955e-03 9.999981672828117674e-01
2.134491999999999834e+01 4.863928160000022781e-03 -3.424762016000008208e-02 1.494454507519968445e+00 -8.669808731027400328e-05 -1.783666103940952194e-04 1.504329260682387131e-03 9.999988488304721868e-01
2.144889999999999830e+01 -8.457571199998836602e-04 -1.691246543999983323e-02 1.556344146240023152e+00 6.421703776022583935e-05 -4.810064512865697139e-04 3.161089376090678088e-04 9.999998322920385929e-01
2.155290000000000106e+01 2.179978319999992600e-02 -3.862301664000038215e-02 1.490844261919970659e+00 4.189760111532491089e-04 -4.887172776056290802e-04 -5.642459373947280319e-04 9.999996336204562963e-01
2.165701999999999927e+01 -8.726186560000046694e-03 -1.835253471999985855e-02 1.569083095840019260e+00 3.521462467842226816e-04 -1.955839628869079168e-04 9.664133977205447085e-04 9.999994518923892572e-01
2.176101999999999848e+01 2.202280911999998994e-02 -4.453717839999980083e-02 1.513253472640007313e+00 -5.324189070765781261e-04 -5.254272010222149018e-04 1.514994110700995222e-03 9.999985726235854910e-01
2.186503000000000085e+01 -1.075172591999999303e-02 -3.243283055999990339e-02 1.509978495999986903e+00 -8.484487976205132493e-05 -2.126231396911682739e-04 1.468919362211799353e-03 9.999988949337165201e-01
2.196914999999999907e+01 1.957168720000002429e-02 -5.315982880000030136e-02 1.573209075359987885e+00 -8.650565659089199918e-04 -8.118522837645878419e-04 8.018240168005782076e-04 9.999989748251011390e-01
2.207317000000000107e+01 -1.700634831999995114e-02 -6.184129119999912799e-03 1.574446858399996874e+00 -1.883286512940878107e-04 -1.988602293078127589e-04 7.742414033912786622e-04 9.999996627685319162e-01
2.217715000000000103e+01 1.040691184000005175e-02 -4.804626735999977666e-02 1.499431462880027377e+00 -5.241524763516354967e-04 4.547975565323222912e-04 2.026658330821980679e-03 9.999977055370548040e-01
2.228115000000000023e+01 -2.230394400000005467e-03 -2.294992960000039051e-02 1.567535867040008135e+00 2.693745486892871067e-04 4.827486929710323566e-04 2.476791274184155303e-03 9.999967799428336468e-01
2.238526999999999845e+01 -3.930967040000070585e-03 -3.414608495999948978e-02 1.484139558719998586e+00 -4.614944071644893904e-05 3.289010595639256648e-04 2.287290658967529831e-03 9.999973289943145938e-01
2.248927000000000120e+01 2.595274864000004025e-02 -2.297291360000030050e-02 1.561888427839998927e+00 6.292151547225845968e-04 -1.856512356509223342e-04 1.045557408229240036e-03 9.999992382155167281e-01
2.259328000000000003e+01 -3.009725056000010432e-02 -3.831878959999990286e-02 1.526508156159974261e+00 8.189786299894509514e-04 5.894008982873554306e-04 -5.922763132144606398e-04 9.999993155444425463e-01
2.269742000000000104e+01 -8.070628799999868264e-04 -3.186753232000025249e-02 1.554693759840026557e+00 4.239518285185142057e-04 6.397028527603915930e-05 -1.336097288356558532e-03 9.999990155078583021e-01
2.280140000000000100e+01 3.169223200000058707e-03 -3.094603615999970761e-02 1.572254941920008253e+00 6.466860859921412996e-04 -1.165319078357779847e-03 -1.102664390866576897e-03 9.999985039787773200e-01
2.290540000000000020e+01 1.220839775999991127e-02 -1.548207647999996425e-02 1.578211826879971635e+00 5.175020756629861233e-05 -9.863628145337405458e-04 -6.996786571848282496e-05 9.999995097572857983e-01
2.300939999999999941e+01 -6.202462239999831373e-03 -5.853770623999979966e-02 1.578134465440007128e+00 -2.069167506949684716e-03 -3.352816418707086472e-04 9.165693189736779821e-04 9.999973830129418317e-01
2.311348999999999876e+01 7.038917599999920845e-03 -3.402075456000016457e-02 1.606577922560019855e+00 -1.571807411358637626e-03 1.822668308271135614e-04 2.555311718011943410e-04 9.999987154512171017e-01
2.321742000000000061e+01 7.874723999999975327e-03 -2.704570544000002227e-02 1.574214774079959245e+00 -3.196267989660737398e-04 2.002178723774386147e-08 -8.872533775675674455e-04 9.999995553099775281e-01
2.332140000000000057e+01 -2.839740799999740275e-04 -2.227141488000028771e-02 1.515161739520014539e+00 6.740617497190253557e-04 1.723017317598621800e-04 -1.233313554504162626e-03 9.999989974447709429e-01
2.342539999999999978e+01 -4.483556479999941356e-03 -2.994433936000009608e-02 1.635356594560005261e+00 -8.668870447435555364e-05 9.120589149910423936e-05 -2.464241673549630827e-03 9.999969558351305965e-01
2.352955000000000041e+01 -1.376198096000004305e-02 -2.388675743999962159e-02 1.573105944800004652e+00 1.323975286655161489e-04 3.543106873963832370e-04 -3.059321992593289508e-03 9.999952487306010829e-01
2.363354999999999961e+01 6.393040159999900489e-03 -3.441886448000000542e-02 1.572358072479991487e+00 -3.960998873555352049e-05 2.231148219115263115e-04 -2.411475167936824766e-03 9.999970667148676551e-01
2.373752999999999957e+01 8.152532960000099041e-03 -2.796355120000023828e-02 1.575168934559989076e+00 4.188837154666571051e-04 1.766037161185246714e-04 -1.312585669590627530e-03 9.999990352327448040e-01
2.384166000000000096e+01 -1.622789376000010469e-02 -3.466306271999981120e-02 1.570630324640030384e+00 2.613592516491213707e-04 5.122272134289207772e-04 -3.608536920800822713e-04 9.999997695495916883e-01
2.394565000000000055e+01 -4.259070399998488108e-04 -3.257143759999975297e-02 1.564312455679979230e+00 -1.198793996577718866e-03 4.354525608595118460e-04 -1.249318814912728573e-03 9.999984062369897675e-01
2.404964999999999975e+01 9.888636159999851169e-03 -3.332771936000019503e-02 1.580558466239985416e+00 -3.712087730296424553e-04 2.529895826466005356e-05 -2.556154224598956338e-03 9.999966638142296915e-01
2.415367000000000175e+01 1.112844720000011854e-02 -3.002616239999980965e-02 1.569005734400006569e+00 7.270404837685973164e-04 -2.292767228631328413e-04 -3.443230524758229306e-03 9.999937814846013850e-01
2.425778000000000034e+01 2.372462559999996556e-03 -3.238085968000024156e-02 1.580816346719996046e+00 -3.944117504762716781e-05 2.000984802057954913e-04 -3.042008040153004311e-03 9.999953522852372823e-01
2.436177999999999955e+01 -7.082262719999996015e-03 -2.359702383999976935e-02 1.555544735680020718e+00 1.067041272529702057e-03 -8.736301443192898993e-06 -1.123293635766727493e-03 9.999987997782835425e-01
2.446577999999999875e+01 1.438833551999992542e-02 -3.542821360000009134e-02 1.582750382719974036e+00 1.445746554345440135e-03 -5.606212296891876709e-04 8.006111591795956207e-04 9.999984772700952762e-01
2.456978000000000151e+01 -1.066565759999988944e-03 -3.581096480000051790e-02 1.584400796160020830e+00 -1.702805996796624569e-04 -4.114212901096768178e-04 2.396905213357819215e-03 9.999970282868032578e-01
2.467389999999999972e+01 4.673377280000032968e-03 -3.755042095999981677e-02 1.551418756160003909e+00 -1.791782275916801786e-03 -4.290523422894338551e-04 3.465799044117282620e-03 9.999922968040049209e-01
2.477789999999999893e+01 3.952004159999973620e-03 -3.498659631999988251e-02 1.579707490399991254e+00 -1.537157780858564157e-03 -7.701770999973674104e-04 4.383265297302050938e-03 9.999889154178285278e-01
2.488203000000000031e+01 -8.195742879999964176e-03 -2.616046991999990481e-02 1.575375222720005741e+00 6.740838789213967263e-04 -4.921541786149516776e-04 5.229167562575074042e-03 9.999859795026082576e-01
2.498601999999999990e+01 -2.616157856000007192e-02 -2.645217744000021715e-02 1.527668604800020979e+00 1.002128938395674450e-03 -4.954273178489475727e-04 5.466078923204555420e-03 9.999844360141656452e-01
2.509017000000000053e+01 1.307056815999997450e-02 -3.308798271999954799e-02 1.569882506399973732e+00 -8.687557170205690302e-04 -1.268845678108226687e-03 4.506064384500185760e-03 9.999886652747180804e-01
2.519415000000000049e+01 -9.632378079999828410e-03 -3.909605440000056553e-02 1.542986305120022550e+00 -3.781218725036829980e-04 -3.270601744826943003e-04 2.842524182598854358e-03 9.999958350472081259e-01
2.529827999999999832e+01 -1.078698608000000850e-02 -2.318404191999949918e-02 1.561140582559987999e+00 4.104781233649607529e-04 -2.833703395135328128e-04 1.760269217876326208e-03 9.999983263292201441e-01
2.540240000000000009e+01 -4.990259040000135510e-03 -2.620922304000051009e-02 1.592730116640018956e+00 4.654764489287934858e-04 -2.927070921413716959e-04 1.045944034916019552e-03 9.999993018274109247e-01
2.550653000000000148e+01 -2.022129615999995744e-02 -3.041618735999940606e-02 1.518771958079961903e+00 6.321688756615677341e-05 4.566457246227214754e-05 6.427205391749007436e-04 9.999997904143183014e-01
2.561054000000000030e+01 -1.249126319999999991e-02 -3.517876960000004827e-02 1.537931988319999110e+00 6.525491583332105455e-05 -6.820543953963055126e-05 3.820862337261291767e-04 9.999999225499589528e-01
2.571464999999999890e+01 -1.184787343999998445e-02 -2.636032256000053059e-02 1.576561440480023224e+00 2.652896869853282034e-04 1.450044327588429849e-04 -2.239615956525318617e-04 9.999999292181476207e-01
2.581865000000000165e+01 -2.933915712000004575e-02 -2.951886495999964458e-02 1.560908498239998332e+00 5.158996675141467149e-04 2.746932590963299019e-04 -1.141413313937674390e-04 9.999998226814356128e-01
2.592277999999999949e+01 3.959656479999979634e-03 -3.288250576000038145e-02 1.535146949439976760e+00 -2.233672511977766412e-04 -1.841356547042311345e-04 -4.682134319637976149e-04 9.999998484886454264e-01
2.602697999999999823e+01 -7.783653279999878938e-03 -3.425970703999972611e-02 1.553069142560000504e+00 4.149825590456759005e-04 1.688780275386231135e-05 -1.117155110079255708e-03 9.999992897341165587e-01
2.613090000000000046e+01 -8.612970079999972967e-03 -3.132075647999985751e-02 1.564080344320035509e+00 7.617968322667520659e-04 -7.450381613274950415e-05 -1.603150234448079891e-03 9.999984220108016908e-01
2.623505000000000109e+01 -3.376538880000136238e-03 -4.114614607999997342e-02 1.540330219999958672e+00 -9.056985393434085043e-04 3.979637442289580130e-05 -2.359187250411071222e-03 9.999968061758607307e-01
2.633915000000000006e+01 -2.315624479999986874e-03 -2.734625504000018359e-02 1.554435879360015926e+00 -5.545047797002736808e-04 -1.562263741509563699e-04 -3.996470596611831350e-03 9.999918481370433376e-01
2.644329000000000107e+01 4.641632319999949852e-03 -3.751618831999982417e-02 1.555080567039993200e+00 3.167164150730328916e-04 -1.903429826811040796e-04 -5.798670903473100713e-03 9.999831192955284109e-01
2.654779999999999873e+01 -2.640161264000000230e-02 -2.316752047999993958e-02 1.568825215360008629e+00 5.071270974443360322e-04 4.079549932465456434e-04 -5.763565345073239955e-03 9.999831787131940875e-01
2.665140999999999849e+01 -3.259612511999988860e-02 -3.916211312000032058e-02 1.530169994080013973e+00 -5.894234929851422354e-04 6.040716827213053492e-04 -4.543710781657750962e-03 9.999893211278212402e-01
2.675793000000000177e+01 1.307822048000007419e-02 -3.814232655999972438e-02 1.588165737599993577e+00 -6.594618552182118613e-04 -3.584377131003670829e-04 -3.355825870260612919e-03 9.999940875151192010e-01
2.686258000000000123e+01 -1.325530544000011468e-02 -2.849421120000011215e-02 1.560599052479995974e+00 1.976629021906267094e-04 3.220580662312428873e-04 -2.859322998508936637e-03 9.999958407313348507e-01
2.696366000000000085e+01 -2.320729632000001486e-02 -2.175768191999976134e-02 1.591260222240018063e+00 6.541155785315765211e-04 9.313017838084325665e-05 -2.614209975358217520e-03 9.999963646762844993e-01
2.706782000000000110e+01 -3.502058559999925505e-03 -3.962871536000013573e-02 1.572409664799985451e+00 -7.064393652104804320e-05 1.244046368663258133e-04 -2.491256549838404260e-03 9.999968865820150210e-01
2.717192000000000007e+01 -1.419121392000001654e-02 -2.427475440000028545e-02 1.607532055999999487e+00 3.963127218903654200e-04 -2.342531262514175387e-05 -2.308290994085492910e-03 9.999972570863221444e-01
2.727606000000000108e+01 -8.586281600000511376e-04 -3.885228879999978735e-02 1.568257889119995863e+00 -4.473434872699048751e-04 1.355275636984415812e-04 -1.284956110124984077e-03 9.999990652015026127e-01
2.738014000000000081e+01 -1.127381423999987420e-02 -2.813560671999973742e-02 1.614597797280015623e+00 -4.876323460305999487e-04 -2.644978893012577274e-04 -2.016502428613781660e-04 9.999998257963553794e-01
2.748470000000000013e+01 -2.392683072000010430e-02 -2.529700160000033712e-02 1.560779571519994136e+00 8.941574198577160017e-04 8.692382190032020084e-04 1.376712558603873865e-03 9.999982747834907926e-01
2.758840999999999966e+01 -1.550998175999991104e-02 -3.188243135999991457e-02 1.565550211679985981e+00 3.641823621512427006e-04 4.668397691007843413e-04 3.285044387733846317e-03 9.999944289420854560e-01
2.769253000000000142e+01 3.210215839999871514e-03 -2.745909296000008035e-02 1.580094297600006081e+00 1.660233872522409412e-04 -1.423828906534892809e-04 4.139157534480626503e-03 9.999914097322296636e-01
2.779654000000000025e+01 -1.393127839999967884e-03 -3.519894143999993674e-02 1.582440964000022099e+00 -5.699975730382133817e-04 8.370150536478035473e-05 4.882127192799795221e-03 9.999879163924422221e-01
2.790067000000000164e+01 -5.114534880000016874e-03 -3.737071311999984324e-02 1.564931320159981487e+00 -4.245079500676686001e-04 9.267644745977808400e-05 5.744527312673520028e-03 9.999834056673292393e-01
2.800523000000000096e+01 -1.690703040000006560e-03 -2.970298031999955152e-02 1.582363602560009408e+00 3.499590390166513478e-04 2.248443931047919135e-04 6.617831655790515008e-03 9.999780153972613883e-01
2.810894000000000048e+01 5.987007520000098455e-03 -1.676501632000014161e-02 1.605623762079989802e+00 3.222241684534122132e-04 -1.287502671814250545e-04 7.226353021767655850e-03 9.999738293660281885e-01
