0.000000 0.0 0.0 0.0 0.0 0.0 0.0 1.0
0.104128 -0.000177415 -0.000837751 0.050060287 -0.000853050 -0.000123822 0.000309076 0.999999583
0.208254 -0.000235174 -0.001554416 0.100130223 -0.000872215 -0.000376651 0.000835116 0.999999166
0.312504 -0.000379991 -0.002300021 0.149982989 -0.000369023 -0.000397542 0.001644447 0.999998510
0.416625 -0.000603918 -0.003218611 0.199533567 -0.000532085 -0.000337553 0.001882653 0.999998033
0.520755 -0.000674630 -0.003995215 0.249933630 -0.000939561 -0.000392546 0.002058325 0.999997377
0.625004 -0.001017335 -0.004588628 0.300379038 -0.001500608 -0.000208490 0.002741822 0.999995112
0.729128 -0.001159448 -0.005300195 0.351336509 -0.001743018 -0.000388016 0.002525693 0.999995232
0.833252 -0.001593407 -0.006289461 0.402379870 -0.000957913 -0.000476462 0.002187994 0.999997020
0.937506 -0.001868712 -0.006940805 0.452651531 0.000185941 -0.000594093 0.000706674 0.999999523
1.041630 -0.003065366 -0.007576550 0.503404319 0.000764053 -0.000173263 -0.001003805 0.999999225
1.145875 -0.002850317 -0.008538908 0.554540873 0.000761763 -0.000462371 -0.002215026 0.999997139
1.250003 -0.003581579 -0.009405581 0.605705917 0.000285638 -0.000398530 -0.002863223 0.999995768
1.354255 -0.003470981 -0.010283448 0.657402575 -0.001069834 -0.000101917 -0.001561170 0.999998212
1.458401 -0.003762114 -0.010743275 0.709342539 -0.001778405 -0.000007235 0.000415583 0.999998331
1.562526 -0.003614196 -0.011631490 0.759893775 -0.000842869 -0.000246584 0.001896527 0.999997795
1.666754 -0.004034294 -0.012399933 0.812155604 0.000171306 -0.000075139 0.002222563 0.999997497
1.771007 -0.004157987 -0.013170454 0.862859964 0.001027454 0.000149041 0.001003430 0.999998927
1.875129 -0.004542734 -0.013905096 0.915028155 0.000051336 0.000312457 -0.000248795 0.999999881
1.979377 -0.004286045 -0.014657656 0.967585444 -0.001674738 0.000497001 -0.000570958 0.999998331
2.083502 -0.004886124 -0.015650421 1.018875003 -0.002914812 0.000970068 0.000705670 0.999994993
2.187759 -0.004939824 -0.016095605 1.071706414 -0.002056179 0.000920523 0.002616006 0.999994040
2.291881 -0.004817597 -0.016851652 1.123298883 -0.000840046 0.000795697 0.002938705 0.999994993
2.396132 -0.005078685 -0.017140765 1.176028609 0.000719670 0.001033890 0.002749404 0.999995410
2.500257 -0.005124402 -0.018132195 1.228094101 0.000954761 0.001357221 0.001415095 0.999997616
2.604383 -0.005659857 -0.019391542 1.280768752 0.002048204 0.001666372 0.000735758 0.999996245
2.708628 -0.005813209 -0.020102166 1.332977653 0.001759693 0.001794498 0.000118569 0.999996841
2.812757 -0.005093934 -0.021025239 1.386556745 0.001201914 0.001321618 0.000174313 0.999998391
2.916881 -0.005892041 -0.022135319 1.439334989 0.000361848 0.001466389 -0.000469884 0.999998748
3.021006 -0.005776051 -0.023338031 1.492252707 -0.000002233 0.001297554 -0.001642538 0.999997795
3.125256 -0.005792491 -0.023893533 1.545645237 0.000226147 0.001238367 -0.002865899 0.999995112
3.229379 -0.006682991 -0.024881801 1.599488974 0.000003510 0.001424055 -0.003895116 0.999991417
3.333502 -0.006448973 -0.025583249 1.653155565 0.000100034 0.000925258 -0.004095050 0.999991179
3.437629 -0.007549942 -0.027025264 1.706598401 -0.000219612 0.001178292 -0.003587643 0.999992847
3.541754 -0.006850802 -0.027588096 1.760033488 0.000288939 0.000652615 -0.003356391 0.999994099
3.645880 -0.006757148 -0.028468112 1.814593911 0.000153441 -0.000051449 -0.002619179 0.999996543
3.750007 -0.007000137 -0.029592879 1.868390203 -0.000432852 -0.000347914 -0.003051008 0.999995172
3.854131 -0.008004623 -0.030214464 1.921732068 -0.000173579 -0.000939654 -0.003132695 0.999994636
3.958276 -0.008067528 -0.031090593 1.976448178 -0.000331851 -0.001240042 -0.003387407 0.999993443
4.062383 -0.008777961 -0.031833522 2.031067371 -0.000844933 -0.001807254 -0.003436997 0.999992073
4.166506 -0.008777869 -0.033156175 2.085494518 -0.001413935 -0.002307200 -0.002714309 0.999992669
4.270633 -0.008939415 -0.033720773 2.140627623 -0.001246544 -0.002774222 -0.002016122 0.999993324
4.374756 -0.009808788 -0.034515113 2.194518328 -0.001013579 -0.002673062 -0.000938629 0.999995470
4.478884 -0.011367653 -0.035243303 2.249312878 -0.001018820 -0.002224200 -0.000752637 0.999996722
4.583132 -0.010673544 -0.036168549 2.303360701 -0.001458211 -0.002538830 0.000234754 0.999995708
4.687259 -0.011298692 -0.036887195 2.357893944 -0.001777413 -0.002223747 0.001035438 0.999995410
4.791384 -0.011140775 -0.037845932 2.410858393 -0.001703200 -0.002232539 0.001705208 0.999994576
4.895505 -0.011641633 -0.038649600 2.464075327 -0.001328817 -0.001808796 0.002571302 0.999994159
4.999630 -0.012235601 -0.039238103 2.517770529 -0.000994585 -0.001621671 0.002294432 0.999995530
5.103758 -0.012908867 -0.040184323 2.572107553 -0.000824919 -0.001157634 0.001471076 0.999997914
5.207869 -0.013226191 -0.041229520 2.623478889 -0.001613339 -0.000966898 0.000045283 0.999998212
5.311998 -0.013750505 -0.041977223 2.677320719 -0.002420327 -0.000654160 -0.001410489 0.999995828
5.416245 -0.014042582 -0.042925604 2.729552984 -0.002657211 -0.000297276 -0.003169583 0.999991357
5.520244 -0.015353596 -0.043478668 2.783278942 -0.002230815 0.000270606 -0.005751668 0.999980927
5.624505 -0.015344445 -0.044009827 2.836817980 -0.001905278 0.000356730 -0.007126585 0.999972701
5.728633 -0.016388629 -0.044597942 2.886405945 -0.001822133 0.000993266 -0.008232983 0.999963939
5.832639 -0.015790956 -0.045651406 2.942025900 -0.002065734 0.000837227 -0.008035196 0.999965191
5.936757 -0.016169501 -0.046827722 2.994469166 -0.001952392 0.000928522 -0.007928679 0.999966204
6.040889 -0.016520763 -0.047477748 3.047053576 -0.001471255 0.000966175 -0.007034821 0.999973714
6.145012 -0.016602067 -0.048485912 3.098516464 -0.001668903 0.000848998 -0.006696220 0.999975801
6.249010 -0.016232356 -0.049257889 3.151119709 -0.001664080 0.000482356 -0.006542869 0.999977112
6.353135 -0.015701190 -0.049748689 3.202651739 -0.001331760 -0.000056049 -0.006244892 0.999979615
6.457260 -0.016417306 -0.050425809 3.255246639 -0.001562945 -0.000432911 -0.006112853 0.999979973
6.561386 -0.016646970 -0.050976109 3.308031559 -0.001813364 -0.000873202 -0.005787593 0.999981225
6.665511 -0.017684402 -0.052217495 3.358602047 -0.002354739 -0.001276237 -0.005347035 0.999982119
6.769636 -0.017958196 -0.053026490 3.409679413 -0.002613065 -0.001885133 -0.004552850 0.999984443
6.873636 -0.017417403 -0.054606766 3.461470366 -0.002843361 -0.002373961 -0.003267115 0.999987781
6.977759 -0.018709889 -0.054586090 3.513249636 -0.002386754 -0.002534797 -0.002291474 0.999991298
7.081885 -0.018934352 -0.054996140 3.564151049 -0.002192841 -0.002895587 -0.001647106 0.999992013
7.186013 -0.019645691 -0.055847920 3.614562750 -0.001833020 -0.002759798 -0.001901735 0.999992728
7.290011 -0.020169038 -0.056864440 3.666082859 -0.001687372 -0.002775086 -0.001794497 0.999993145
7.394135 -0.020256290 -0.056889005 3.716476202 -0.001086906 -0.002817021 -0.002112265 0.999993205
7.498256 -0.021647574 -0.058540557 3.764181376 -0.001475486 -0.002391914 -0.002533645 0.999992847
7.602386 -0.020735512 -0.059146143 3.816638231 -0.002254202 -0.002804007 -0.002630634 0.999990106
7.706383 -0.023220802 -0.060169190 3.866276026 -0.002830382 -0.002090672 -0.003518800 0.999987662
7.810511 -0.022938563 -0.061173022 3.915527105 -0.002306806 -0.002272771 -0.003054071 0.999990106
7.914632 -0.022528220 -0.062012412 3.968742609 -0.001085720 -0.002695094 -0.003132814 0.999990880
8.018763 -0.023273004 -0.062839590 4.016994476 -0.000323779 -0.002391226 -0.003414186 0.999991238
8.122760 -0.023855221 -0.063710116 4.064047337 -0.001199353 -0.002275630 -0.001663367 0.999995291
8.226883 -0.024173608 -0.064188793 4.114450932 -0.001850427 -0.002182958 -0.000798065 0.999995589
8.331011 -0.024149647 -0.065004446 4.163229465 -0.002154486 -0.001609447 -0.000276751 0.999996364
8.435138 -0.025029033 -0.066110790 4.211001396 -0.001797228 -0.001041474 0.000592956 0.999997675
8.539282 -0.025361247 -0.067267530 4.260199070 -0.000785999 -0.000736792 -0.000112597 0.999999404
8.643387 -0.026002545 -0.067727871 4.309025764 0.000393814 -0.000080573 -0.001510387 0.999998748
8.747509 -0.025379950 -0.068159573 4.360272884 0.000716016 0.000349763 -0.003423173 0.999993801
8.851635 -0.026511878 -0.069285356 4.408250332 -0.000665380 0.001248349 -0.002997435 0.999994516
8.955763 -0.026786147 -0.069310293 4.457668781 -0.001519549 0.001829098 -0.002583378 0.999993861
9.059886 -0.026486335 -0.070380643 4.507767200 -0.001932300 0.002043967 -0.003031789 0.999991477
9.164012 -0.026690511 -0.070882633 4.557295322 -0.001574281 0.002563607 -0.002737524 0.999991715
9.268135 -0.026584212 -0.071558505 4.606537342 -0.001236454 0.003239645 -0.004266772 0.999984860
9.372259 -0.026948001 -0.072897457 4.654885769 -0.001204193 0.004014809 -0.005191796 0.999977708
9.476392 -0.026593991 -0.073294923 4.705261230 -0.000680593 0.004333130 -0.005420720 0.999975681
9.580513 -0.026946742 -0.073988602 4.754713535 -0.000214108 0.004941519 -0.005905484 0.999970317
9.684640 -0.026643042 -0.074280202 4.803663254 0.000189560 0.005525853 -0.005311777 0.999970615
9.788784 -0.026370917 -0.075439781 4.852928638 -0.000689321 0.006021658 -0.005424068 0.999966919
9.892888 -0.025085222 -0.077097334 4.902328968 -0.001598474 0.006088613 -0.004323137 0.999970794
9.997010 -0.025389135 -0.077174403 4.952349186 -0.001313634 0.006459460 -0.004535283 0.999967992
10.101140 -0.025095172 -0.078204207 5.001761436 -0.001495931 0.006598523 -0.003615136 0.999970555
10.205260 -0.025146775 -0.078552462 5.051227093 -0.001711515 0.006513937 -0.002717403 0.999973655
10.309390 -0.024573892 -0.078902483 5.100926876 -0.001328319 0.006248649 -0.002138339 0.999977291
10.413390 -0.024381481 -0.079506554 5.150809288 -0.001286733 0.005707544 -0.001431875 0.999981880
10.517510 -0.023959354 -0.080322951 5.200100422 -0.001654344 0.005063866 -0.000585877 0.999985635
10.621640 -0.023489360 -0.081663705 5.249413013 -0.002026508 0.004549369 -0.000007600 0.999987602
10.725760 -0.023629751 -0.081970379 5.298888206 -0.001886770 0.004187536 0.000052670 0.999989450
10.829890 -0.023983084 -0.083035760 5.348391056 -0.001894140 0.003595740 0.000328202 0.999991655
10.934020 -0.022556365 -0.083724707 5.397121906 -0.001588456 0.002791143 0.000217465 0.999994814
11.038140 -0.022601690 -0.084905118 5.446564674 -0.000561900 0.002215660 0.001467028 0.999996305
11.142270 -0.021834472 -0.085000671 5.495794296 -0.000019286 0.001552407 0.004062245 0.999990523
11.246390 -0.021907348 -0.086445034 5.546744347 -0.001394091 0.001211474 0.008005951 0.999966264
11.350520 -0.021172451 -0.086507060 5.596988201 -0.001833768 0.000312937 0.011364661 0.999933660
11.454640 -0.021404844 -0.087443635 5.647361279 -0.000329608 -0.000267218 0.013397763 0.999910176
11.558780 -0.021688070 -0.088400319 5.696047306 0.001150102 0.000135291 0.012986661 0.999915004
11.663020 -0.022149470 -0.090097040 5.746655941 0.001992192 0.000561278 0.011506941 0.999931633
11.767160 -0.022791989 -0.091239765 5.796519279 0.001939731 0.001037100 0.011453484 0.999931991
11.871260 -0.022011142 -0.092113629 5.845559597 0.000220757 0.001264809 0.013175190 0.999912441
11.975390 -0.021219701 -0.092126191 5.896992207 -0.000671515 0.001375724 0.015168346 0.999883771
12.079640 -0.020733330 -0.092959009 5.947659016 -0.001493515 0.001310004 0.017150857 0.999850929
12.183770 -0.020955678 -0.094206341 5.995841503 -0.001662748 0.001516315 0.018142406 0.999832869
12.287890 -0.020868005 -0.095308386 6.046437740 -0.001927239 0.002068872 0.017268907 0.999846876
12.392020 -0.021351919 -0.095761031 6.096553802 -0.001376112 0.002645140 0.015206364 0.999879956
12.496260 -0.021168135 -0.096102342 6.146547794 -0.000278992 0.002983288 0.013312458 0.999906898
12.600390 -0.021567300 -0.096663088 6.197630882 0.000011315 0.003513168 0.012082119 0.999920845
12.704520 -0.021391589 -0.097665578 6.249567986 -0.000432231 0.003455814 0.010622213 0.999937475
12.808640 -0.021164946 -0.098525777 6.298286915 -0.000587727 0.003374196 0.010510729 0.999938846
12.912790 -0.020908132 -0.099044420 6.349014282 0.001017635 0.003160089 0.008676916 0.999956846
13.016890 -0.020006187 -0.099897593 6.398941994 0.002296717 0.002715909 0.007160297 0.999967992
13.121140 -0.020669799 -0.101294547 6.450569630 0.002736497 0.002759053 0.005100848 0.999979436
13.225270 -0.020523217 -0.102378488 6.501349926 0.002180347 0.002877145 0.002466145 0.999990463
13.329390 -0.020730957 -0.103302486 6.554368019 0.001183400 0.002914032 0.001375816 0.999994099
13.433520 -0.020764887 -0.104033872 6.605072498 0.000005757 0.003057019 0.001294054 0.999994457
13.537640 -0.020816237 -0.104436643 6.654630661 -0.000163664 0.002883125 0.002012413 0.999993801
13.641770 -0.019795537 -0.105416603 6.708114624 -0.000225978 0.001611613 0.003167156 0.999993622
13.745910 -0.020368302 -0.106383733 6.759461403 0.001655413 0.000687069 0.004238707 0.999989390
13.850020 -0.021090372 -0.107518315 6.812757015 0.003933527 0.000068504 0.002931970 0.999987960
13.954150 -0.023443097 -0.108681038 6.864353657 0.004200643 0.000113592 0.000663528 0.999990940
14.058400 -0.021255206 -0.110443637 6.916005135 0.003580303 -0.000553886 -0.000827942 0.999993086
14.162520 -0.023151077 -0.111129843 6.966419220 0.001785458 0.000034488 -0.001685265 0.999997020
14.266640 -0.022077221 -0.112444833 7.020420074 0.000802233 -0.000373487 -0.002351413 0.999996841
14.370770 -0.022020558 -0.112988621 7.071390152 0.000351389 -0.000292093 -0.001556328 0.999998689
14.474890 -0.022195641 -0.113693245 7.127574921 -0.000079894 -0.000653198 -0.000481158 0.999999642
14.579010 -0.023087692 -0.114423506 7.178834438 -0.000250666 -0.000193956 0.000660103 0.999999762
14.683140 -0.022676865 -0.115378790 7.228280067 -0.000008115 -0.000048435 0.001565351 0.999998748
14.787290 -0.022634413 -0.116199739 7.281938553 -0.000723148 0.000168225 0.003806347 0.999992490
14.891390 -0.022939749 -0.116095178 7.337090015 -0.001043265 0.000347105 0.005516142 0.999984205
14.995520 -0.022882087 -0.117597744 7.386735439 -0.001279673 0.000543037 0.006752769 0.999976218
15.099640 -0.022918198 -0.118462577 7.440513134 0.000826678 0.000597760 0.005714940 0.999983132
15.203790 -0.023234563 -0.119105667 7.494970322 0.003590229 0.000529001 0.002108494 0.999991179
15.308020 -0.024505388 -0.120563641 7.546042442 0.003472583 0.001597047 -0.002769262 0.999988854
15.412140 -0.025174834 -0.121477664 7.600236893 0.001692987 0.002235836 -0.006671915 0.999973834
15.516270 -0.025235113 -0.122600593 7.653475761 0.000568821 0.002669832 -0.007098458 0.999971032
15.620390 -0.024994951 -0.123249695 7.707355976 0.000369521 0.002414141 -0.006074672 0.999978542
15.724520 -0.024990166 -0.124154523 7.760967255 0.000372614 0.001719858 -0.004528850 0.999988198
15.828640 -0.025086233 -0.125146911 7.814857960 0.000568191 0.001285588 -0.003650887 0.999992371
15.932650 -0.025320709 -0.126130641 7.869023323 0.000959209 0.001109851 -0.003760110 0.999991834
16.036770 -0.025486268 -0.127236083 7.923150063 0.000657130 0.000900769 -0.004246894 0.999990344
16.140900 -0.025642566 -0.127940044 7.977614403 0.000489089 0.000907476 -0.004920560 0.999987364
16.245020 -0.025805650 -0.129078835 8.032805443 0.000592899 0.000757051 -0.004611895 0.999988914
16.349140 -0.026295081 -0.129927590 8.086686134 0.001208551 0.000772050 -0.004645668 0.999988198
16.453270 -0.027289780 -0.130583972 8.139959335 0.001508227 0.000922337 -0.004711463 0.999987364
16.557390 -0.026934281 -0.132034868 8.194786072 0.001356152 0.000630043 -0.004543079 0.999988556
16.661520 -0.027177043 -0.132833600 8.252301216 0.001577209 0.000350136 -0.004599754 0.999988079
16.765650 -0.027554553 -0.134107888 8.308432579 0.001825755 0.000330031 -0.004887142 0.999986351
16.869650 -0.027437465 -0.135231525 8.363174438 0.001841505 -0.000132477 -0.005035304 0.999985635
16.973770 -0.027168937 -0.136349872 8.418888092 0.001683623 -0.000427506 -0.004727268 0.999987304
17.077890 -0.027842095 -0.137270898 8.473949432 0.001893368 -0.000491077 -0.005106471 0.999985039
17.182030 -0.027690616 -0.137948528 8.529706955 0.002153873 -0.000619804 -0.004984242 0.999985039
17.286140 -0.028608367 -0.139431730 8.585291862 0.002055799 -0.000522414 -0.003824850 0.999990404
17.390270 -0.028820748 -0.140729308 8.640949249 0.001810587 -0.000496255 -0.002983281 0.999993801
17.494400 -0.028972540 -0.141740173 8.697520256 0.001517498 -0.000501778 -0.002586840 0.999995351
17.598420 -0.029568434 -0.142916471 8.753166199 0.001455846 -0.000353024 -0.002527197 0.999995649
17.702520 -0.029576022 -0.144380540 8.810276031 0.001517440 -0.000401183 -0.003004465 0.999994218
17.806640 -0.029693823 -0.145672590 8.865313530 0.001656517 -0.000502670 -0.003007781 0.999993980
17.910650 -0.029331636 -0.146792978 8.921835899 0.001226610 -0.000374998 -0.003810772 0.999991894
18.014770 -0.030618763 -0.146812394 8.978514671 0.000553122 0.000014993 -0.003739070 0.999992847
18.118900 -0.029992787 -0.148749620 9.034919739 -0.000013221 0.000132809 -0.003736984 0.999993026
18.223020 -0.031372204 -0.150086731 9.091131210 0.000654410 0.001022760 -0.004323273 0.999989927
18.327020 -0.031552821 -0.151897341 9.147722244 0.001195429 0.001025292 -0.004209838 0.999989867
18.431150 -0.031028349 -0.151594132 9.204887390 0.001376984 0.000934177 -0.004237091 0.999989629
18.535360 -0.030343879 -0.152163908 9.261254311 0.000908132 0.000401469 -0.004023290 0.999991417
18.639420 -0.032431804 -0.152351424 9.318921089 0.001358975 0.001187394 -0.004461023 0.999988437
18.743480 -0.032296970 -0.155046880 9.375597954 0.000473258 0.000786688 -0.004664224 0.999988675
18.847540 -0.032527082 -0.155862123 9.433800697 0.000470865 0.000655502 -0.004613216 0.999989033
18.951650 -0.033403974 -0.156739652 9.488327026 0.000467953 0.001337168 -0.005686298 0.999982834
19.055650 -0.033909895 -0.157555893 9.546127319 0.000440120 0.001229944 -0.005889002 0.999981821
19.159650 -0.034475863 -0.158603102 9.604202271 0.000391559 0.001157574 -0.005013097 0.999986708
19.263770 -0.033953555 -0.160094321 9.662210464 -0.000333592 0.000958253 -0.004266066 0.999990404
19.367870 -0.034957826 -0.159937322 9.719264984 -0.000252490 0.001088248 -0.002823752 0.999995351
19.471780 -0.035402708 -0.160977259 9.778221130 0.000041400 0.000985396 -0.002156204 0.999997199
19.575900 -0.035439089 -0.162092194 9.833266258 0.000339920 0.001078193 -0.001104104 0.999998748
19.679910 -0.034927253 -0.162061378 9.888901711 -0.000044650 0.001006896 -0.000239769 0.999999464
19.784020 -0.035036817 -0.163788378 9.947221756 -0.001148037 0.000928053 -0.000114396 0.999998868
19.888070 -0.035458069 -0.163820028 10.001217842 -0.000498298 0.001491645 0.000891378 0.999998331
19.992130 -0.034983095 -0.164401472 10.059328079 0.000335687 0.001366225 0.000869364 0.999998629
20.096150 -0.034999266 -0.165952653 10.113287926 -0.000215495 0.001733074 0.001225819 0.999997735
20.200150 -0.034902975 -0.166642353 10.170040131 0.000046017 0.002133125 -0.000061297 0.999997735
20.304270 -0.035248499 -0.167384848 10.226823807 0.000403860 0.002785430 -0.001317419 0.999995172
20.408270 -0.035280839 -0.169083536 10.283193588 0.000310347 0.003193295 -0.001483483 0.999993742
20.512310 -0.035104185 -0.170137435 10.339122772 0.000431580 0.003616977 -0.002507799 0.999990225
20.616400 -0.033595726 -0.170772135 10.394678116 0.000850789 0.003551131 -0.002210822 0.999990880
20.720420 -0.035938032 -0.171688154 10.452264786 0.001210592 0.004919761 -0.002031577 0.999985099
20.824520 -0.033256307 -0.172282755 10.507299423 0.000931358 0.004840439 -0.001563379 0.999986589
20.928690 -0.035211086 -0.173935607 10.565134048 0.000429202 0.005643154 -0.001648927 0.999982595
21.032780 -0.033929132 -0.175115898 10.622396469 0.000251056 0.005624999 -0.000893551 0.999983728
21.136780 -0.033357181 -0.176058963 10.677576065 0.001508447 0.005483128 -0.000919549 0.999983430
21.240880 -0.033169068 -0.177146152 10.735359192 0.002777853 0.005351590 -0.000529133 0.999981701
21.344920 -0.032989189 -0.178412706 10.790627480 0.002693796 0.005174600 -0.001003910 0.999982476
21.448900 -0.033020467 -0.179038167 10.848184586 0.002749889 0.004689088 0.000660957 0.999984980
21.552900 -0.032214262 -0.180466533 10.903319359 0.003172206 0.004202832 -0.000123168 0.999986112
21.657020 -0.032536976 -0.181145251 10.961347580 0.003527501 0.004009581 -0.000870750 0.999985397
21.761020 -0.031722523 -0.182792336 11.017311096 0.002994760 0.003483937 -0.000668488 0.999989212
21.865030 -0.032120146 -0.183991775 11.073153496 0.002910591 0.003271834 -0.000820328 0.999990106
21.969150 -0.031396341 -0.185957745 11.131334305 0.002043532 0.002458322 0.000004681 0.999994874
22.073170 -0.032025274 -0.186186448 11.189560890 0.001857155 0.002261085 -0.000788098 0.999995410
22.177150 -0.031640403 -0.187963307 11.245013237 0.001333684 0.002717140 -0.001246601 0.999994636
22.281150 -0.031722888 -0.188812047 11.302984238 0.001602430 0.003199532 -0.001238781 0.999992847
22.385270 -0.031868264 -0.190074846 11.357871056 0.001555298 0.003528195 -0.001059100 0.999992013
22.489270 -0.030908473 -0.190924436 11.415633202 0.002180959 0.003340237 0.000000676 0.999992013
22.593280 -0.032021537 -0.192341551 11.472086906 0.002997991 0.003928357 0.000573000 0.999987602
22.697420 -0.032051384 -0.193520084 11.529582977 0.003421311 0.003992067 0.000737638 0.999985874
22.801400 -0.031934179 -0.194664538 11.587728500 0.004068713 0.002828638 0.000339065 0.999987662
22.905400 -0.031482685 -0.195237100 11.646094322 0.004121911 0.001844883 -0.000288266 0.999989748
23.009400 -0.031712066 -0.197401956 11.704457283 0.002053538 0.001511657 -0.000638310 0.999996543
23.113490 -0.031451751 -0.198660120 11.763872147 0.000480088 0.001692842 0.000378579 0.999998391
23.217420 -0.031160526 -0.199660331 11.822090149 0.000160244 0.001692679 0.000507587 0.999998391
23.321400 -0.031171028 -0.200483978 11.878124237 0.000834024 0.001865286 0.000724011 0.999997616
23.425400 -0.031336840 -0.201591387 11.938603401 0.000745510 0.001955580 0.001737201 0.999996305
23.529550 -0.031845789 -0.202474773 11.996780396 0.000879342 0.002310434 0.001318673 0.999996066
23.633550 -0.031609360 -0.203747660 12.054929733 0.000840558 0.002533698 0.001088617 0.999995828
23.737530 -0.031307861 -0.204781815 12.113183022 0.001261835 0.002711489 0.000218478 0.999995530
23.841660 -0.031908005 -0.206063733 12.171268463 0.001523528 0.003223866 0.000134171 0.999993622
23.945650 -0.031923756 -0.207268298 12.229120255 0.000321671 0.003657662 0.001108516 0.999992669
24.049650 -0.031558052 -0.208500832 12.287572861 -0.000050741 0.003682437 0.001446598 0.999992132
24.153670 -0.031146497 -0.209611267 12.345598221 0.000673944 0.003454238 0.001994286 0.999991834
24.257780 -0.031058758 -0.210808784 12.404060364 0.000638190 0.003654906 0.001043011 0.999992549
24.361780 -0.031320676 -0.211681455 12.461587906 0.001708751 0.003647904 0.000071686 0.999991894
24.465780 -0.030788563 -0.212991670 12.520121574 0.003157922 0.003089035 -0.000889075 0.999989808
24.569780 -0.030828007 -0.214316040 12.578716278 0.002989978 0.002679785 -0.001525474 0.999990761
24.673900 -0.030655175 -0.215704739 12.636091232 0.001200002 0.002254746 -0.001950262 0.999994814
24.777900 -0.030509021 -0.216998622 12.694512367 -0.000334582 0.001488138 -0.002434071 0.999995887
24.882030 -0.030812118 -0.217966095 12.752773285 0.000341252 0.000994210 -0.002795351 0.999995530
24.986020 -0.031779632 -0.218944356 12.809269905 0.001344669 0.000495927 -0.002672330 0.999995410
25.090170 -0.031296253 -0.220168024 12.867327690 0.000478876 -0.000771750 -0.001832990 0.999997914
25.194150 -0.031652480 -0.221613884 12.924390793 0.000101988 -0.001098516 -0.001008939 0.999998868
25.298280 -0.032051407 -0.222471282 12.982125282 0.000513036 -0.001382327 -0.000750625 0.999998629
25.402400 -0.032235958 -0.223440558 13.041028023 0.000979363 -0.001675617 -0.000293102 0.999998093
25.506530 -0.032983787 -0.224565417 13.097195625 0.001042477 -0.001629919 -0.000346272 0.999998033
25.610540 -0.033445742 -0.225866407 13.154071808 0.001108267 -0.001698474 -0.000032235 0.999997914
25.714650 -0.033883903 -0.226841271 13.212376595 0.001374047 -0.001553803 0.000260251 0.999997795
25.818650 -0.034968931 -0.227932945 13.270102501 0.001889390 -0.001278425 -0.000141418 0.999997377
25.922780 -0.034822494 -0.229149014 13.326875687 0.001667017 -0.001463956 0.000614525 0.999997318
26.026980 -0.035110351 -0.230416015 13.384311676 0.002081850 -0.001446635 0.000508081 0.999996662
26.130900 -0.035428878 -0.231574327 13.442154884 0.002844454 -0.001521984 0.001102335 0.999994159
26.235050 -0.035553750 -0.233096004 13.499119759 0.001939056 -0.001483649 0.001264005 0.999996245
26.339150 -0.035639387 -0.234107330 13.556606293 0.001386531 -0.001643428 0.002737714 0.999993920
26.443290 -0.035467729 -0.235494763 13.614116669 0.001703269 -0.001833359 0.003066373 0.999992192
26.547800 -0.036444120 -0.236351550 13.672135353 0.002210996 -0.001423226 0.002703735 0.999992907
26.651410 -0.037649598 -0.237799853 13.728724480 0.001621987 -0.000818847 0.001844119 0.999996662
26.757930 -0.037165936 -0.239210442 13.787458420 0.000961592 -0.001177970 0.001514416 0.999997675
26.862580 -0.037656147 -0.240264222 13.845172882 0.001159547 -0.000855451 0.001347101 0.999998033
26.963660 -0.038514405 -0.241068870 13.904021263 0.001813722 -0.000761349 0.001269544 0.999997258
27.067820 -0.038643919 -0.242534429 13.962172508 0.001743202 -0.000636952 0.001224191 0.999997497
27.171920 -0.039168742 -0.243432164 14.021622658 0.002139397 -0.000659652 0.001086606 0.999996901
27.276060 -0.039200496 -0.244869009 14.079620361 0.001691623 -0.000522717 0.000200577 0.999998391
27.380140 -0.039617427 -0.245909527 14.139331818 0.001203837 -0.000786978 0.000003033 0.999998987
27.484700 -0.040502295 -0.246845067 14.197052956 0.002096904 0.000083924 -0.001378191 0.999996841
27.588410 -0.041075889 -0.248024151 14.254950523 0.002460482 0.000551373 -0.001908212 0.999994993
27.692530 -0.040957168 -0.249039650 14.313385963 0.002626953 0.000409472 -0.002233404 0.999993980
27.796540 -0.041008689 -0.250341386 14.371908188 0.002056931 0.000495544 -0.002650899 0.999994218
27.900670 -0.041197836 -0.251723439 14.429782867 0.001632385 0.000590262 -0.003095738 0.999993682
28.005230 -0.041260362 -0.252821922 14.488302231 0.001981906 0.000814728 -0.003524737 0.999991477
28.108940 -0.041038949 -0.253441930 14.547681808 0.002304739 0.000685193 -0.003705032 0.999990225
