1.041283999999999960e-01 1.289128000000055573e-03 -1.821615999999999860e-02 1.310642999999999780e+00 1.000000000000000000e+00 -3.059346734063522808e-15 -3.618921412733327514e-17 1.219242693854218481e-14
2.082536000000000109e-01 -8.442954000000000344e-04 -2.381702000000000471e-02 1.314656000000000047e+00 4.803688151033193299e-02 8.165548538673302915e-04 8.773219650764154005e-04 9.988448435863812591e-01
3.125037999999999982e-01 1.592748400000000087e-03 -2.099482999999999211e-02 1.316431000000000129e+00 3.997595842957165496e-02 -3.427250399986187250e-04 4.332017127399692864e-04 9.992004892029727747e-01
4.166248000000000173e-01 7.403110000000000072e-04 -2.180959999999999843e-02 1.319286999999999654e+00 3.763169277255417472e-02 -1.122326374081101451e-05 1.623622792330555570e-04 9.992916637356686893e-01
5.207547999999999622e-01 1.380035999999999850e-03 -1.663019000000000303e-02 1.320621000000000045e+00 3.469129046529863952e-02 -1.045122453587993364e-04 2.204591158913149073e-04 9.993980462462496162e-01
6.250035999999999925e-01 3.413094000000000197e-03 -1.511959999999999693e-02 1.327137000000000455e+00 3.244585429638520424e-02 -3.262383402842227451e-04 3.191193828924994771e-04 9.994733904763760668e-01
7.291284000000000098e-01 7.527960000000000207e-04 -1.621609999999999718e-02 1.330187000000000452e+00 3.115773180675010523e-02 5.592120001732303250e-05 3.913453853501008156e-04 9.995144018323435242e-01
8.332524000000000042e-01 -5.954790000000003206e-04 -1.696140000000001535e-02 1.330667999999999296e+00 3.037163081259683373e-02 1.711975932385249215e-04 3.056082020771786313e-04 9.995386142299826915e-01
9.375056999999999974e-01 -9.474209999999995066e-04 -1.368980000000000197e-02 1.334630000000000649e+00 2.918851261432389363e-02 1.632048587274261540e-04 7.361158367938237085e-05 9.995739085614792074e-01
1.041630000000000056e+00 -3.361523000000000375e-03 -1.329329999999998013e-02 1.337819999999998899e+00 2.818884389593012338e-02 3.117879047266360580e-04 -8.688360070954988040e-05 9.996025631816644053e-01
1.145874999999999977e+00 -5.281576999999999973e-03 -1.917220000000000035e-02 1.338400000000000034e+00 2.822621881740808650e-02 3.857026246312071378e-04 -1.175480078926893030e-04 9.996014795843506384e-01
1.250002999999999975e+00 -3.989572999999999731e-03 -2.183999999999999830e-02 1.350179999999999936e+00 2.859783926348055672e-02 2.391830435697195453e-04 -8.827803216975688670e-05 9.995909656394064147e-01
1.354254999999999987e+00 1.584040000000000101e-03 -1.865380000000002592e-02 1.351559999999999206e+00 2.851350960595379694e-02 -1.214322318628724607e-04 1.535118349658929431e-05 9.995933997323639408e-01
1.458401000000000058e+00 4.750504000000000011e-03 -1.733350000000000168e-02 1.352470000000000283e+00 2.829342927507958252e-02 -2.735625402030681308e-04 1.554172980512805754e-04 9.995996112788640975e-01
1.562526000000000082e+00 4.523296999999999908e-03 -1.616259999999997143e-02 1.352009999999999934e+00 2.798292595291831247e-02 -2.236914768041807836e-04 1.568209154635373124e-04 9.996083639228100504e-01
1.666754000000000069e+00 -8.713999999999996054e-04 -2.319910000000002803e-02 1.354570000000002494e+00 2.839340201572309458e-02 5.752134929931944954e-05 3.890105859422807427e-05 9.995968236744130486e-01
1.771006999999999998e+00 -4.900160500000000363e-03 -2.912049999999999361e-02 1.364479999999996807e+00 2.928358219116343128e-02 2.278420943166550633e-04 -5.619038881657486601e-05 9.995711164017664352e-01
1.875129000000000046e+00 -6.603849499999999914e-03 -2.458219999999999850e-02 1.366350000000000620e+00 2.967438424690811705e-02 2.719283772189857052e-04 -6.625092300556967783e-05 9.995595793074767421e-01
1.979376999999999942e+00 -2.349940000000000015e-03 -2.193050000000001942e-02 1.376580000000000581e+00 2.980084223948125527e-02 7.399613669546781225e-05 8.079174135087670327e-05 9.995558502650484511e-01
2.083502000000000187e+00 4.658083000000000362e-03 -1.839749999999995556e-02 1.371620000000000061e+00 2.964031304960951935e-02 -1.931010647753949748e-04 2.002304606949778249e-04 9.995605906907607530e-01
2.187758999999999787e+00 7.023454000000000155e-03 -2.279860000000000220e-02 1.374420000000000641e+00 2.981715865435943455e-02 -2.577565529404001084e-04 1.689407693293323550e-04 9.995553221659903009e-01
2.291881000000000057e+00 3.319320000000000170e-03 -2.295920000000001293e-02 1.375399999999999068e+00 2.998644159862882963e-02 -1.083040205901189096e-04 9.462115882266816625e-05 9.995502952014607700e-01
2.396132000000000151e+00 2.657430999999999162e-03 -2.622020000000002682e-02 1.379719999999998947e+00 3.035326617251368764e-02 -7.731989472973293978e-05 1.269620918308784203e-05 9.995392303922345789e-01
2.500256999999999952e+00 -1.111947999999999756e-03 -2.589539999999995734e-02 1.385470000000001534e+00 3.066284169101015852e-02 4.544830299265026607e-05 -3.038876205487822335e-05 9.995297830232008351e-01
2.604382999999999893e+00 1.478091000000000821e-03 -2.722340000000000870e-02 1.382489999999997110e+00 3.102540765272213813e-02 -3.471888686133858728e-05 -6.652355316254223371e-05 9.995185933484170837e-01
2.708628000000000036e+00 1.868233000000000393e-03 -3.087930000000005393e-02 1.393030000000003099e+00 3.156799546302944265e-02 -4.337134523080352094e-05 -1.001692522420626416e-04 9.995016006728020264e-01
2.812756999999999952e+00 1.945999999999999813e-03 -3.150729999999990483e-02 1.397060000000003299e+00 3.209697388774328253e-02 -4.274076864784182142e-05 -6.949500803131451645e-05 9.994847560673049136e-01
2.916881000000000057e+00 2.995379999999998877e-03 -2.527730000000005806e-02 1.397999999999996135e+00 3.224940046445069763e-02 -6.710748782045194061e-05 -1.201490096942734037e-05 9.994798504831954311e-01
3.021005999999999858e+00 1.853729999999999614e-03 -2.395199999999997331e-02 1.395670000000002631e+00 3.232264523849068955e-02 -3.293490656993594936e-05 7.585504367870457546e-06 9.994774862209447885e-01
3.125255999999999812e+00 2.460980000000001500e-03 -1.985939999999997152e-02 1.402809999999995227e+00 3.218451904906315802e-02 -4.553564903294260777e-05 2.831676017189835819e-06 9.994819431345753902e-01
3.229379000000000222e+00 -2.660500000000003140e-04 -2.701260000000005324e-02 1.406629999999999825e+00 3.239664990125245420e-02 2.215511273548244879e-05 7.534009851601252406e-06 9.994750904987904638e-01
3.333502000000000187e+00 2.180869999999997949e-03 -2.340739999999996712e-02 1.407580000000002940e+00 3.242482565323306226e-02 -3.543637224949266877e-05 1.736249405405047895e-05 9.994741763168095705e-01
3.437628999999999824e+00 4.879330000000001166e-03 -2.372610000000008323e-02 1.409629999999999939e+00 3.246449487148666407e-02 -9.311401497568352480e-05 1.796324836501178500e-05 9.994728848647376207e-01
3.541754000000000069e+00 4.636720000000000425e-03 -2.116689999999998850e-02 1.413060000000001537e+00 3.238773307220073339e-02 -8.212869077663448509e-05 9.353648552176147752e-06 9.994753763419241821e-01
3.645880000000000010e+00 3.219950000000002671e-03 -2.200649999999992890e-02 1.415770000000001971e+00 3.234911710080305702e-02 -4.779607609038052528e-05 1.266878061095030099e-05 9.994766291303841532e-01
3.750007000000000090e+00 -4.881000000000051964e-04 -2.295409999999997730e-02 1.422589999999999577e+00 3.234869812882260054e-02 3.042013380235019130e-05 2.963641775145320014e-05 9.994766430115655798e-01
3.854131000000000196e+00 -1.836890000000000744e-03 -2.164940000000004083e-02 1.422549999999993986e+00 3.229379548298431241e-02 5.545104171888812482e-05 3.927940571289938035e-05 9.994784170534216639e-01
3.958276000000000128e+00 -2.797369999999996942e-03 -2.090579999999997440e-02 1.426130000000000564e+00 3.221189738872024672e-02 7.101166004639476639e-05 3.557922985933889174e-05 9.994810590291750563e-01
4.062382999999999633e+00 -3.588179999999999842e-03 -1.884280000000004840e-02 1.428850000000004172e+00 3.205434892509347045e-02 8.179049232462844035e-05 4.089057561506643834e-05 9.994861231419196468e-01
4.166506000000000043e+00 -4.540389999999998316e-03 -2.144800000000002260e-02 1.427479999999995641e+00 3.200075565843565201e-02 9.491216279611393953e-05 5.814526139786124878e-05 9.994878384693327567e-01
4.270633000000000123e+00 -4.020680000000002169e-03 -2.004839999999996625e-02 1.431960000000003674e+00 3.189879496751615862e-02 8.104447495064507538e-05 6.223942289363002466e-05 9.994910987285818837e-01
4.374755999999999645e+00 -3.579599999999998755e-03 -2.036419999999994346e-02 1.428899999999998727e+00 3.181255991206956985e-02 6.942441086649331198e-05 5.405838467745745967e-05 9.994938485502465886e-01
4.478883999999999865e+00 -3.153750000000000303e-03 -1.770270000000007116e-02 1.428150000000002251e+00 3.164063233007798071e-02 5.875827653712960985e-05 5.089591132245513476e-05 9.994993068245838774e-01
4.583131999999999984e+00 -3.551095000000000640e-03 -1.965660000000002405e-02 1.429529999999999745e+00 3.154193324313951663e-02 6.252141085537960463e-05 5.692768202311410396e-05 9.995024258587857924e-01
4.687259000000000064e+00 -3.760044999999999620e-03 -2.014489999999991010e-02 1.424769999999995207e+00 3.146459874834266202e-02 6.300529245942666865e-05 6.412157348454829316e-05 9.995048628918035138e-01
4.791383999999999865e+00 -4.072453000000000184e-03 -2.306160000000001542e-02 1.424030000000001905e+00 3.148508765923221236e-02 6.522985891067326558e-05 6.244160516400767155e-05 9.995042176505319897e-01
4.895504999999999995e+00 -1.565361000000000139e-03 -2.036500000000007748e-02 1.419890000000002317e+00 3.142188993008322717e-02 2.378339707638036775e-05 4.978154889380507217e-05 9.995062089798989469e-01
4.999629999999999797e+00 -3.080330000000000047e-03 -2.152500000000001634e-02 1.417529999999999291e+00 3.139832716108360844e-02 4.558322496125746782e-05 3.678119426515119215e-05 9.995069492608837924e-01
5.103758000000000017e+00 -4.066375999999999151e-03 -2.050299999999993794e-02 1.413709999999994693e+00 3.134673177674984768e-02 5.817009941837876941e-05 3.048803132605911747e-05 9.995085682942572713e-01
5.207868999999999637e+00 -9.344090000000001076e-03 -2.587199999999989508e-02 1.412820000000010623e+00 3.145518698922041001e-02 1.319927134697813215e-04 3.689100995333515620e-05 9.995051537778333328e-01
5.311997999999999998e+00 -7.658350000000001268e-03 -2.175600000000010859e-02 1.414069999999995275e+00 3.144142852010060885e-02 1.028035130090802014e-04 5.122897190935082911e-05 9.995055894689363063e-01
5.416244999999999976e+00 -8.111669999999997910e-03 -2.039999999999997371e-02 1.409779999999997813e+00 3.139080229073713812e-02 1.051722371431389224e-04 5.987195812184683175e-05 9.995071800070739476e-01
5.520243999999999929e+00 -7.012080000000003865e-03 -1.775600000000010503e-02 1.400080000000002656e+00 3.127240146451554931e-02 8.631708211268471448e-05 5.663948653467566383e-05 9.995108935114074278e-01
5.624505000000000088e+00 -4.629389999999997118e-03 -1.732399999999989504e-02 1.402590000000003556e+00 3.114837886953962173e-02 5.119966923432723210e-05 4.724184702448287152e-05 9.995147690957855158e-01
5.728633000000000308e+00 -6.500890000000002222e-03 -2.391500000000013060e-02 1.402049999999988472e+00 3.120311776039925641e-02 7.387107750262370150e-05 3.908141370382078102e-05 9.995130606739152102e-01
5.832639000000000351e+00 -1.308329999999996440e-03 -2.071599999999995667e-02 1.396290000000007581e+00 3.117397321227793547e-02 4.267086958090147704e-06 3.584721483820221837e-05 9.995139729343103241e-01
5.936757000000000062e+00 1.711860000000002546e-03 -2.009299999999991648e-02 1.394170000000002574e+00 3.113152323159648627e-02 -3.412060241125858419e-05 3.718078380755235026e-05 9.995152953880467317e-01
6.040888999999999953e+00 3.330749999999993438e-03 -1.862000000000008093e-02 1.390489999999999782e+00 3.105472678535470266e-02 -5.294968596562620424e-05 3.264611125364708143e-05 9.995176837229290401e-01
6.145012000000000363e+00 7.103800000000035086e-04 -2.163199999999987355e-02 1.385499999999993292e+00 3.105649683659236424e-02 -1.912917423900477811e-05 2.617415811347154498e-05 9.995176301362707072e-01
6.249010000000000176e+00 4.440500000000013880e-04 -2.038899999999999046e-02 1.386260000000007153e+00 3.102890226305797181e-02 -1.532947262690099991e-05 2.681068967280732365e-05 9.995184872079875271e-01
6.353134999999999977e+00 -4.302659999999999818e-03 -2.135500000000001286e-02 1.386459999999999582e+00 3.102507853382711553e-02 4.141567904699603044e-05 2.423016482174214473e-05 9.995186052293426604e-01
6.457259999999999778e+00 -8.029310000000004777e-03 -2.021399999999995423e-02 1.381950000000003342e+00 3.099538426180771175e-02 8.342465079534215611e-05 2.063712347653599841e-05 9.995195239558353206e-01
6.561385999999999719e+00 -1.446037999999999490e-02 -2.345000000000019291e-02 1.384529999999998040e+00 3.104170863011946127e-02 1.544187124537068679e-04 2.246884882547232876e-05 9.995180778631944651e-01
6.665511000000000408e+00 -9.195780000000000620e-03 -1.928699999999983206e-02 1.378940000000000055e+00 3.099250914376832852e-02 9.024133545350621912e-05 2.798780586430606014e-05 9.995196123389262777e-01
6.769636000000000209e+00 -1.375608999999999860e-02 -1.965800000000017533e-02 1.377249999999989427e+00 3.095438841292495746e-02 1.381794746975528515e-04 3.357118833527145824e-05 9.995207879866181422e-01
6.873636000000000301e+00 -1.291520999999999642e-02 -1.714099999999985080e-02 1.368900000000010664e+00 3.086366770136485596e-02 1.249713664933053015e-04 3.349020107140561204e-05 9.995235951575048849e-01
6.977758999999999823e+00 -1.728760000000001407e-02 -1.827800000000001646e-02 1.366039999999998145e+00 3.080221418087789390e-02 1.685285602554819370e-04 2.532064118632551178e-05 9.995254846968859574e-01
7.081884999999999764e+00 -1.712519999999997933e-02 -1.790500000000005976e-02 1.362110000000001264e+00 3.073569778596357480e-02 1.619623469416591637e-04 1.299939514433899589e-05 9.995275336281757017e-01
7.186012999999999984e+00 -2.424450000000000216e-02 -2.022600000000007725e-02 1.357369999999988863e+00 3.072143381226063660e-02 2.319757399448403861e-04 1.460155685825112037e-06 9.995279584332010803e-01
7.290010999999999797e+00 -2.163610000000001921e-02 -2.002299999999990199e-02 1.353060000000013474e+00 3.070481932349990173e-02 1.986487923445222142e-04 -1.139916015311812196e-05 9.995284760721064865e-01
7.394135000000000346e+00 -2.069050000000000056e-02 -2.026499999999997748e-02 1.351630000000000109e+00 3.069453392369560565e-02 1.835729036079867041e-04 -2.485517935704619467e-05 9.995287946179521876e-01
7.498255999999999588e+00 -2.237419999999998299e-02 -2.120499999999991836e-02 1.349679999999992219e+00 3.070405301885990867e-02 1.954860006892299282e-04 -3.396381904834258972e-05 9.995284997236933977e-01
7.602386000000000088e+00 -1.416590000000000904e-02 -1.731600000000010908e-02 1.345169999999995980e+00 3.063673080786965403e-02 1.089096230715142069e-04 -3.156084510436789732e-05 9.995305787558543820e-01
7.706382999999999761e+00 -2.083059999999997691e-02 -2.101899999999989888e-02 1.345100000000002183e+00 3.064476740238045865e-02 1.712256458351426095e-04 -2.188096311739315728e-05 9.995303239191174471e-01
7.810510999999999981e+00 -1.735800000000004006e-02 -1.922900000000016263e-02 1.340500000000005798e+00 3.061857012386385440e-02 1.335830357451533090e-04 -2.593042351723684865e-05 9.995311324049670487e-01
7.914632000000000112e+00 -1.856549999999995704e-02 -2.079900000000001192e-02 1.338599999999999568e+00 3.062408399715790125e-02 1.418281982136602591e-04 -4.973100210294034864e-05 9.995309614468801396e-01
8.018762999999999863e+00 -1.006990000000002050e-02 -1.725299999999996281e-02 1.336299999999994270e+00 3.056290103838515959e-02 5.825213485361579985e-05 -7.129264270455553147e-05 9.995328411834029092e-01
8.122759999999999536e+00 -1.891310000000001601e-02 -2.513300000000007195e-02 1.344499999999996476e+00 3.064970418543062555e-02 1.385925732192248979e-04 -7.400681065156698767e-05 9.995301751065028828e-01
8.226883000000000834e+00 -1.650449999999997752e-02 -2.284299999999994668e-02 1.341100000000011505e+00 3.069144143806405711e-02 1.131041823229763304e-04 -6.248974556192920138e-05 9.995288983941033045e-01
8.331011000000000166e+00 -2.296300000000001118e-02 -2.546399999999993113e-02 1.338200000000000500e+00 3.078086455539832955e-02 1.691107548903068251e-04 -5.471075172769854515e-05 9.995261411216358471e-01
8.435138000000000247e+00 -2.053880000000002370e-02 -2.336300000000002264e-02 1.331999999999993634e+00 3.083156188889657132e-02 1.436744711889313447e-04 -6.375907584162201515e-05 9.995245820308361617e-01
8.539282000000000039e+00 -1.939799999999997082e-02 -2.389499999999999957e-02 1.328400000000002024e+00 3.089184875074035830e-02 1.303650833054725085e-04 -8.577822183699375239e-05 9.995227207661679936e-01
8.643387000000000597e+00 -8.255400000000023830e-03 -1.998900000000003452e-02 1.323599999999999000e+00 3.088311370418053356e-02 2.995435732056435694e-05 -1.088994748465791192e-04 9.995229964996180660e-01
8.747509000000000867e+00 -7.621600000000006148e-03 -2.101799999999998114e-02 1.331500000000005457e+00 3.089202422142413307e-02 2.339896795741658059e-05 -1.203659472115673639e-04 9.995227200039177307e-01
8.851634999999999920e+00 -3.888000000000002565e-03 -1.922599999999996534e-02 1.332899999999995089e+00 3.086867092664775936e-02 -9.269457147715102929e-06 -1.121513150676478382e-04 9.995234426922571247e-01
8.955762999999999252e+00 6.280000000002949889e-05 -1.756399999999991302e-02 1.334400000000002251e+00 3.081723672145379039e-02 -4.253402461179388175e-05 -9.162968219654724490e-05 9.995250310601090371e-01
9.059886000000000550e+00 2.801400000000009438e-03 -1.405300000000009319e-02 1.333899999999999864e+00 3.070783454839746962e-02 -6.435865808275575192e-05 -7.671136406311849674e-05 9.995283982312248572e-01
9.164011999999999603e+00 -2.800899999999995060e-03 -2.047500000000002096e-02 1.343199999999995953e+00 3.070646975224243166e-02 -1.679195867177773381e-05 -7.584248686521358727e-05 9.995284421572514511e-01
9.268134999999999124e+00 -1.387860000000001870e-02 -3.460700000000005438e-02 1.363900000000001000e+00 3.093362736663726395e-02 7.353823989455144825e-05 -8.252250610510326791e-05 9.995214347276927258e-01
9.372258999999999673e+00 -8.781199999999989014e-03 -2.910099999999982145e-02 1.355800000000002115e+00 3.106472111298306735e-02 3.092959797846163672e-05 -8.853641022174153882e-05 9.995173706878918152e-01
9.476392000000000593e+00 -6.180500000000033189e-03 -3.029500000000018289e-02 1.359300000000004616e+00 3.121271584291425427e-02 9.394141914572378893e-06 -9.573043701778253720e-05 9.995127598570930916e-01
9.580512999999999835e+00 -1.877999999999990788e-03 -2.596999999999982656e-02 1.353600000000000136e+00 3.128898317903432841e-02 -2.471986288625224271e-05 -1.026221849496438917e-04 9.995103743279694086e-01
9.684639999999999915e+00 -6.716599999999961490e-03 -3.973099999999996079e-02 1.355399999999988836e+00 3.158057637181041488e-02 1.361910433483281933e-05 -1.065445930907218269e-04 9.995012034303880633e-01
9.788783999999999708e+00 -9.599000000000135202e-04 -3.231699999999992912e-02 1.357100000000002638e+00 3.175022229274428870e-02 -3.137773473144772824e-05 -1.052318674735353558e-04 9.994958285686105226e-01
9.892887999999999238e+00 -2.470599999999989471e-03 -3.484600000000037667e-02 1.357400000000012597e+00 3.195499542049624192e-02 -1.919543686787340792e-05 -9.638351978300015838e-05 9.994893038994604462e-01
9.997009999999999508e+00 4.154599999999952775e-03 -2.629999999999999005e-02 1.348699999999979582e+00 3.202631706160374847e-02 -6.874585771670462019e-05 -8.963935062239383050e-05 9.994870195526620593e-01
1.010113999999999912e+01 4.431700000000038386e-03 -2.821300000000004360e-02 1.354000000000013415e+00 3.212540950510101717e-02 -6.959159878864920319e-05 -8.634888266615656270e-05 9.994838396717625750e-01
1.020526000000000089e+01 5.909000000000053099e-04 -3.522999999999987253e-02 1.351699999999993906e+00 3.232693569911976317e-02 -3.958166268741883479e-05 -8.207165701219662187e-05 9.994773438782090791e-01
1.030939000000000050e+01 -1.016900000000042770e-03 -3.545599999999993202e-02 1.353200000000015280e+00 3.252791135868052935e-02 -2.694362754853397743e-05 -8.144645287166839460e-05 9.994708237978526810e-01
1.041338999999999970e+01 1.624400000000025823e-03 -2.792100000000008464e-02 1.345999999999975216e+00 3.261526129842779592e-02 -4.550308535509816699e-05 -8.274209383688238496e-05 9.994679763822602592e-01
1.051750999999999969e+01 -7.699999999999374012e-05 -2.854499999999982052e-02 1.351800000000025648e+00 3.271008759285802536e-02 -3.254203095530013940e-05 -7.873935565354890816e-05 9.994648782777699747e-01
1.062163999999999930e+01 3.915999999999919545e-04 -2.689500000000011326e-02 1.350199999999972533e+00 3.277891291143470581e-02 -3.518412102393054245e-05 -7.349026251101187300e-05 9.994626237281729608e-01
1.072575999999999929e+01 -3.261100000000016763e-03 -3.311699999999984101e-02 1.350300000000004275e+00 3.293503728132329833e-02 -8.629937044452131226e-06 -7.271503403877648789e-05 9.994574918211008852e-01
1.082989000000000068e+01 -3.015600000000007164e-03 -2.702000000000026603e-02 1.349299999999999500e+00 3.300246824463604761e-02 -1.014433616959001332e-05 -7.506059010385579750e-05 9.994552673095290496e-01
1.093402000000000029e+01 -4.244599999999987272e-03 -2.556899999999995288e-02 1.347700000000003229e+00 3.304866285088509104e-02 -1.377711680156472369e-06 -7.873283225083677300e-05 9.994537406418625425e-01
1.103814000000000028e+01 -4.199299999999961397e-03 -2.756899999999973261e-02 1.347900000000009868e+00 3.312180320131283967e-02 -1.595932608888791204e-06 -8.701449631487022818e-05 9.994513187637624752e-01
1.114226999999999990e+01 -2.491200000000026726e-03 -3.156900000000018025e-02 1.343299999999999272e+00 3.324883727775087422e-02 -1.312964416430456525e-05 -9.836349520887938938e-05 9.994470996365504289e-01
1.124638999999999989e+01 -3.022499999999983533e-03 -3.637600000000018596e-02 1.352699999999998681e+00 3.343819775798848037e-02 -9.747060958205858088e-06 -9.405062880694442995e-05 9.994407826330540257e-01
1.135051999999999950e+01 1.130699999999984495e-03 -2.639699999999978175e-02 1.349199999999996180e+00 3.348939049950017816e-02 -3.720023017439652704e-05 -8.115764472388249911e-05 9.994390690550133405e-01
1.145463999999999949e+01 -5.514300000000027513e-03 -2.925099999999991596e-02 1.345100000000002183e+00 3.357850858680731798e-02 7.836620608914113582e-06 -8.601563572495765696e-05 9.994360791471276206e-01
1.155878000000000050e+01 -9.186799999999994970e-03 -2.701099999999989620e-02 1.343600000000009231e+00 3.363708975892157338e-02 3.197279382564255395e-05 -1.082966046155772440e-04 9.994341066033999299e-01
1.166301999999999950e+01 -1.600429999999997133e-02 -3.616400000000030701e-02 1.345599999999990359e+00 3.381432171674995935e-02 7.569540345405788154e-05 -1.294154623132219594e-04 9.994281210615799660e-01
1.176716000000000051e+01 -6.350799999999989787e-03 -3.009299999999992536e-02 1.347000000000008413e+00 3.390937005834061130e-02 1.186090910086633492e-05 -1.369317825846413440e-04 9.994249024970571771e-01
1.187125999999999948e+01 1.503099999999979453e-03 -2.956400000000014572e-02 1.348600000000004684e+00 3.399559054811257530e-02 -3.886869010631404818e-05 -1.264967796766312846e-04 9.994219740985661460e-01
1.197539000000000087e+01 8.350399999999980061e-03 -2.471399999999990271e-02 1.349999999999994316e+00 3.401819260520472232e-02 -8.173220948621087202e-05 -1.041729122509884860e-04 9.994212050180470985e-01
1.207963999999999949e+01 1.088230000000001141e-02 -2.298700000000009069e-02 1.348999999999989541e+00 3.401853822253011334e-02 -9.613342446269770630e-05 -8.872817809055152374e-05 9.994211934629351202e-01
1.218377000000000088e+01 8.715300000000036906e-03 -2.223299999999994725e-02 1.346699999999998454e+00 3.400975136478319449e-02 -8.091795707324575364e-05 -8.249430456893486457e-05 9.994214943951724717e-01
1.228789000000000087e+01 6.013499999999949441e-03 -2.539699999999989188e-02 1.350400000000007594e+00 3.404028673612586459e-02 -6.290410624797084969e-05 -7.798166538375982018e-05 9.994204564850850403e-01
1.239202000000000048e+01 1.224300000000011490e-03 -2.382399999999984530e-02 1.349799999999987676e+00 3.405062261363921150e-02 -3.239891326987764779e-05 -7.655740951908641284e-05 9.994201059558972533e-01
1.249625999999999948e+01 6.871300000000024610e-03 -2.665000000000006253e-02 1.350700000000017553e+00 3.409530187331397122e-02 -6.617221754919309961e-05 -8.353855861325652115e-05 9.994185804920351357e-01
1.260039000000000087e+01 7.996300000000011732e-03 -2.341300000000012815e-02 1.351200000000005730e+00 3.409984024498993044e-02 -7.197673938927731977e-05 -9.123147366103902852e-05 9.994184245807324896e-01
1.270452000000000048e+01 8.857599999999965501e-03 -2.489099999999977442e-02 1.358299999999985630e+00 3.412128358453919708e-02 -7.620065905379604326e-05 -8.730844577569524517e-05 9.994176927477512740e-01
1.280864000000000047e+01 1.044240000000001833e-02 -2.642800000000011806e-02 1.360999999999989996e+00 3.415974253374477743e-02 -8.435457702472759966e-05 -8.125157479730812406e-05 9.994163788294223583e-01
1.291278999999999932e+01 7.040199999999996461e-03 -2.457399999999987372e-02 1.360200000000020282e+00 3.417546768202618657e-02 -6.281783235761281196e-05 -8.657239126933841860e-05 9.994158423638559441e-01
1.301689000000000007e+01 3.472099999999977982e-03 -2.768000000000014893e-02 1.359600000000000364e+00 3.422751350474270704e-02 -4.091465311721174963e-05 -1.005042748900718448e-04 9.994140611098908389e-01
1.312114000000000047e+01 2.781740000000004764e-02 -1.849100000000003519e-02 1.364299999999985857e+00 3.417134147999616178e-02 -1.816851511613831944e-04 -1.088461057556116326e-04 9.994159667348169185e-01
1.322527000000000008e+01 2.304229999999996004e-02 -2.803999999999984283e-02 1.368700000000018235e+00 3.422540004259540247e-02 -1.515017195647507052e-04 -1.042823885312169806e-04 9.994141224559200953e-01
1.332939000000000007e+01 1.018190000000002149e-02 -2.567700000000039395e-02 1.376299999999986312e+00 3.425040338051515976e-02 -7.584752181904329163e-05 -9.074794469809036143e-05 9.994132758174847364e-01
1.343351999999999968e+01 1.905190000000001049e-02 -2.209099999999963870e-02 1.379500000000007276e+00 3.423320056863646960e-02 -1.249435862755968630e-04 -7.451442134160677158e-05 9.994138616286691867e-01
1.353763999999999967e+01 1.834739999999995819e-02 -5.374000000000211941e-03 1.376599999999996271e+00 3.402764560459070609e-02 -1.189820713614371658e-04 -6.074385220311064872e-05 9.994208830558123369e-01
1.364176999999999929e+01 1.912660000000004912e-02 -9.039999999999714930e-03 1.375499999999988177e+00 3.386662917364828551e-02 -1.214204065756364659e-04 -5.301618625903369085e-05 9.994263524016081535e-01
1.374591000000000030e+01 7.749699999999970501e-03 -1.817000000000001947e-02 1.381300000000010186e+00 3.380908304610819731e-02 -5.644157497601406330e-05 -6.166198585720105514e-05 9.994283060408732933e-01
1.385002000000000066e+01 4.655000000000020233e-03 -2.097700000000024545e-02 1.379400000000003956e+00 3.378300133758831841e-02 -3.854211558313316388e-05 -8.370445240267507887e-05 9.994291872507496954e-01
1.395415000000000028e+01 -5.056900000000030815e-03 -2.605799999999991456e-02 1.388399999999990087e+00 3.381224341133797634e-02 1.475709189312544796e-05 -9.798900518797506293e-05 9.994281977090077040e-01
1.405840000000000067e+01 -4.599399999999975730e-03 -2.630800000000022010e-02 1.394100000000008777e+00 3.384243211055050493e-02 1.190028706458824563e-05 -9.692044265905585447e-05 9.994271760631954216e-01
1.416252000000000066e+01 4.525300000000009870e-03 -2.308899999999969310e-02 1.395499999999998408e+00 3.383683279912642894e-02 -3.738412761627697500e-05 -8.420540159700411653e-05 9.994273661742513193e-01
1.426664000000000065e+01 5.402799999999985392e-03 -2.692300000000003024e-02 1.399399999999985766e+00 3.387184017467255448e-02 -4.150053231607953394e-05 -6.865715621643107044e-05 9.994261813696307950e-01
1.437077000000000027e+01 -2.050000000000107292e-04 -2.946699999999990993e-02 1.401499999999998636e+00 3.393280546759010891e-02 -1.116468357554668718e-05 -5.980410931051305276e-05 9.994241146840100454e-01
1.447489000000000026e+01 1.911600000000013289e-03 -2.791300000000029868e-02 1.404500000000012960e+00 3.397604322916628755e-02 -2.214324643498175662e-05 -5.509236291815456738e-05 9.994226458115695877e-01
1.457901000000000025e+01 4.016899999999989923e-03 -2.867199999999980875e-02 1.407999999999987040e+00 3.402600110749615797e-02 -3.281098665084591004e-05 -5.105200377331222750e-05 9.994209461311908127e-01
1.468313999999999986e+01 2.248399999999983745e-03 -3.063200000000021461e-02 1.408500000000003638e+00 3.409522425667656231e-02 -2.316293709865948998e-05 -4.906136311834376017e-05 9.994185873493388605e-01
1.478729000000000049e+01 2.821999999999991182e-03 -3.297299999999969700e-02 1.418400000000019645e+00 3.418665911338081287e-02 -2.589468436653052369e-05 -4.589553606353907853e-05 9.994154639396624074e-01
1.489138999999999946e+01 3.403700000000009496e-03 -3.024000000000004462e-02 1.419499999999999318e+00 3.424784387594119461e-02 -2.853253809788849310e-05 -3.807027251349050587e-05 9.994133693954656561e-01
1.499552000000000085e+01 -9.746999999999950148e-04 -4.018200000000016203e-02 1.421699999999987085e+00 3.440884669033822396e-02 -5.885603434382840672e-06 -3.306919109993156525e-05 9.994078397437299310e-01
1.509964000000000084e+01 -4.358899999999998887e-03 -3.480799999999995009e-02 1.420199999999994134e+00 3.451332256688308120e-02 1.141092063275219466e-05 -4.402087974088439768e-05 9.994042367817674855e-01
1.520378999999999969e+01 -1.513969999999997817e-02 -5.199800000000021072e-02 1.423100000000005139e+00 3.478828141138039232e-02 6.511374024650758976e-05 -7.028871951084051750e-05 9.993946999539969900e-01
1.530802000000000085e+01 -1.719530000000002445e-02 -4.371599999999986608e-02 1.433099999999996044e+00 3.497592303657784396e-02 7.408475383315983912e-05 -8.818378632445125005e-05 9.993881485903305384e-01
1.541214000000000084e+01 -1.638210000000001054e-02 -4.049699999999978317e-02 1.437500000000000000e+00 3.512786496641254197e-02 6.879617381458743479e-05 -8.154565735920692345e-05 9.993828204048205155e-01
1.551627000000000045e+01 -3.262399999999998634e-03 -2.475100000000018952e-02 1.437700000000006639e+00 3.512295537443940741e-02 3.781440476074741966e-06 -6.650577403129271574e-05 9.993829964375258168e-01
1.562039000000000044e+01 3.707300000000024465e-03 -2.375600000000011036e-02 1.437900000000013279e+00 3.510834560118406000e-02 -2.999713899122742665e-05 -6.023956438167688129e-05 9.993835097401367884e-01
1.572452000000000005e+01 4.304599999999991766e-03 -2.459100000000002950e-02 1.447899999999975762e+00 3.510113352471740111e-02 -3.254406112824968441e-05 -5.911774929740965163e-05 9.993837630616457801e-01
1.582864000000000004e+01 1.633300000000004193e-03 -2.221199999999967645e-02 1.449600000000003774e+00 3.507020341952065551e-02 -1.931536230340273358e-05 -5.824065974478949154e-05 9.993848493283535861e-01
1.593265000000000065e+01 -7.657999999999831608e-04 -2.347400000000021691e-02 1.455300000000022465e+00 3.505110964265592544e-02 -7.656480469347033284e-06 -5.999149450249064087e-05 9.993855192343030769e-01
1.603677000000000064e+01 -4.987200000000024946e-03 -3.458499999999986585e-02 1.461699999999979127e+00 3.513643584671953535e-02 1.228405602889850205e-05 -6.186393542106961038e-05 9.993825228099323388e-01
1.614089999999999847e+01 -5.365100000000011526e-03 -3.282400000000018636e-02 1.460399999999992815e+00 3.520364524649336607e-02 1.386279520419320783e-05 -5.979321017529332213e-05 9.993801576947353160e-01
1.624502000000000024e+01 -4.264799999999957514e-03 -3.629599999999966187e-02 1.468900000000019190e+00 3.530176294954150140e-02 8.530768340006403201e-06 -5.833054641210744717e-05 9.993766967752588659e-01
1.634913999999999845e+01 9.699999999995823075e-05 -3.192200000000022797e-02 1.472199999999986630e+00 3.535703057028734275e-02 -1.172901956760462927e-05 -6.195856735609434822e-05 9.993747427330840205e-01
1.645326999999999984e+01 1.502700000000023461e-03 -2.709999999999990195e-02 1.475099999999997635e+00 3.536661609095791831e-02 -1.810115840140296469e-05 -6.492382030334277780e-05 9.993744032761296969e-01
1.655739000000000161e+01 -4.506999999999983242e-03 -3.053200000000000358e-02 1.480400000000003047e+00 3.540678978155602924e-02 9.500854160571137912e-06 -6.420159251392944483e-05 9.993729809361736605e-01
1.666151999999999944e+01 -6.416499999999991655e-03 -3.207500000000029772e-02 1.477300000000013824e+00 3.546027587620754346e-02 1.808467511937104691e-05 -6.517688552532639322e-05 9.993710843624110662e-01
1.676565000000000083e+01 -4.283500000000051156e-03 -3.347599999999983922e-02 1.486099999999993315e+00 3.552523881695518471e-02 8.165953864328258060e-06 -6.754277419301871915e-05 9.993687771680126453e-01
1.686965000000000003e+01 -4.318599999999950256e-03 -2.852599999999982927e-02 1.484100000000012187e+00 3.554442317216250508e-02 8.216418370147698141e-06 -6.832497286222843100e-05 9.993680949707903771e-01
1.697376999999999825e+01 -1.643500000000019945e-03 -2.880700000000002703e-02 1.489499999999992497e+00 3.556557854329074619e-02 -3.795584594416696951e-06 -6.914705584751493369e-05 9.993673422856879096e-01
1.707789000000000001e+01 -1.620400000000021823e-03 -2.656400000000003203e-02 1.490199999999987313e+00 3.556612884117234946e-02 -3.873013510142671798e-06 -6.961458214229941416e-05 9.993673226687286304e-01
1.718203000000000102e+01 2.441000000000248527e-04 -3.106900000000045736e-02 1.491100000000017189e+00 3.560612896106008646e-02 -1.200285529479979702e-05 -6.874951745571116206e-05 9.993658983124468209e-01
1.728613999999999962e+01 -1.347999999999904830e-04 -2.694200000000002149e-02 1.490899999999982128e+00 3.560953884449059859e-02 -1.016541866378340526e-05 -6.941579039717304391e-05 9.993657767911582335e-01
1.739027000000000100e+01 2.052799999999965763e-03 -2.396599999999970976e-02 1.494300000000009732e+00 3.558682885165513621e-02 -1.956146207233758444e-05 -6.943140095231391880e-05 9.993665855975537582e-01
1.749439999999999884e+01 2.038499999999998646e-03 -2.594999999999991758e-02 1.496700000000004138e+00 3.558105673851228584e-02 -1.928044421843991691e-05 -6.627937738798920619e-05 9.993667913417373372e-01
1.759842000000000084e+01 6.075000000000385647e-04 -2.862999999999971124e-02 1.495699999999999363e+00 3.559820532667638121e-02 -1.290270096868214640e-05 -6.312420429958652622e-05 9.993661809498933790e-01
1.770251999999999981e+01 -2.506600000000025474e-03 -3.270900000000054320e-02 1.501199999999982992e+00 3.564950900929796801e-02 4.634423630491258148e-07 -6.232711588036041672e-05 9.993643522872486251e-01
1.780664000000000158e+01 -1.938500000000009660e-03 -3.389299999999995094e-02 1.505600000000015370e+00 3.570943591638636727e-02 -1.927599106934403882e-06 -6.529393931878697723e-05 9.993622125733588879e-01
1.791065000000000040e+01 -3.086599999999994903e-03 -3.308899999999947994e-02 1.505300000000005411e+00 3.576153389505859481e-02 2.834354326396188267e-06 -6.628588683776066403e-05 9.993603495694735050e-01
1.801476999999999862e+01 -1.412199999999974587e-03 -3.207300000000046225e-02 1.510400000000004184e+00 3.580413858457458937e-02 -4.268422957609525572e-06 -5.956631770426127400e-05 9.993588244939106691e-01
1.811890000000000001e+01 8.140999999999842807e-04 -2.971499999999949182e-02 1.510899999999992360e+00 3.582624100533718381e-02 -1.335595702554752291e-05 -5.344366538068758303e-05 9.993580326493706201e-01
1.822302000000000177e+01 2.127000000000101032e-04 -3.203500000000047976e-02 1.516099999999994452e+00 3.586676480903106673e-02 -1.067756653563846157e-05 -5.556362963429143775e-05 9.993565789951084355e-01
1.832702000000000098e+01 2.240399999999975744e-03 -3.050800000000020162e-02 1.514700000000004820e+00 3.589399314403515090e-02 -1.883173483272437303e-05 -6.115771764720115671e-05 9.993556009555734088e-01
1.843114999999999881e+01 2.561299999999988586e-03 -2.705000000000001847e-02 1.521099999999989905e+00 3.589236264167301738e-02 -2.000930062947989209e-05 -6.231416082711471445e-05 9.993556594228962808e-01
1.853536000000000072e+01 4.920800000000002949e-03 -2.732599999999951734e-02 1.524599999999992406e+00 3.589225940712097856e-02 -2.932694374654749376e-05 -5.856599085477745147e-05 9.993556631273007307e-01
1.863942000000000121e+01 3.768700000000013706e-03 -2.619699999999980378e-02 1.520500000000026830e+00 3.588312173089594492e-02 -2.431434169636007448e-05 -5.419429554278938199e-05 9.993559916499409335e-01
1.874348000000000170e+01 2.494099999999999095e-03 -2.884400000000031383e-02 1.528199999999998226e+00 3.589499527070331986e-02 -1.896682459218151459e-05 -5.127594135687945682e-05 9.993555655148740335e-01
1.884753999999999863e+01 2.908699999999986296e-03 -2.423799999999953769e-02 1.527699999999981628e+00 3.586962687464709948e-02 -2.036910109151276937e-05 -4.972281832326399886e-05 9.993564764290141511e-01
1.895165000000000077e+01 3.095800000000037411e-03 -2.444400000000079842e-02 1.532900000000012142e+00 3.584584873233497004e-02 -2.088770734165287964e-05 -4.871289073628067050e-05 9.993573296471169876e-01
1.905564999999999998e+01 3.361599999999964616e-03 -2.269599999999982742e-02 1.531499999999994088e+00 3.580836874991868285e-02 -2.166985187012127303e-05 -4.781514125155505101e-05 9.993586733358547081e-01
1.915964999999999918e+01 4.628900000000046866e-03 -2.649899999999938416e-02 1.534499999999979991e+00 3.580088861598546002e-02 -2.637057180933280698e-05 -4.627523357049016523e-05 9.993589412906164204e-01
1.926377000000000095e+01 4.450599999999971246e-03 -2.663800000000016155e-02 1.538200000000017553e+00 3.579411901649954403e-02 -2.540687587498859264e-05 -4.299578438058308620e-05 9.993591839522393272e-01
1.936786999999999992e+01 6.649300000000024635e-03 -2.602599999999988256e-02 1.539100000000019008e+00 3.578239486909823297e-02 -3.357166294630707740e-05 -3.826467687533906118e-05 9.993596037594224546e-01
1.947177999999999898e+01 6.121899999999957931e-03 -2.463300000000057111e-02 1.534899999999993270e+00 3.576036212912572093e-02 -3.107796702482779538e-05 -3.668169687641006298e-05 9.993603925456556736e-01
1.957590000000000074e+01 5.543800000000043138e-03 -2.431399999999950268e-02 1.537899999999979173e+00 3.573623609496535958e-02 -2.851032652618892677e-05 -3.982382167440745699e-05 9.993612555182382895e-01
1.967990999999999957e+01 3.759999999999985576e-03 -2.919400000000038631e-02 1.538200000000017553e+00 3.574911616609176279e-02 -2.154697252839966995e-05 -3.823233816733855560e-05 9.993607950922227534e-01
1.978402000000000172e+01 4.692000000000029480e-04 -3.242800000000034544e-02 1.545900000000017371e+00 3.578567985423994346e-02 -8.992044165071764507e-06 -2.959879206100354330e-05 9.993594869517297141e-01
1.988806999999999903e+01 4.086699999999998667e-03 -4.019899999999942963e-02 1.540899999999965075e+00 3.587982475400039450e-02 -2.226150451106984228e-05 -2.633810666265473286e-05 9.993561111967804722e-01
1.999212999999999951e+01 3.423599999999971111e-03 -3.630699999999986716e-02 1.539600000000007185e+00 3.594435351058706402e-02 -1.952034388711806429e-05 -3.051777992400810682e-05 9.993537922769528681e-01
2.009615000000000151e+01 7.919000000000120387e-04 -4.137300000000010414e-02 1.539400000000000546e+00 3.604572318255327285e-02 -9.626050300836037365e-06 -3.316677584223241913e-05 9.993501411655230093e-01
2.020015000000000072e+01 1.008100000000011764e-03 -4.053600000000034953e-02 1.541400000000010095e+00 3.613967919973341131e-02 -1.033497691327423342e-05 -3.241868935476283477e-05 9.993467478455899666e-01
2.030426999999999893e+01 1.554200000000005577e-03 -4.363099999999953127e-02 1.546400000000005548e+00 3.625475685552995847e-02 -1.220735154328197588e-05 -3.223993932694162195e-05 9.993425796076704781e-01
2.040827000000000169e+01 2.809200000000011688e-03 -3.740699999999996805e-02 1.542300000000011551e+00 3.632319898824499377e-02 -1.662127503556560685e-05 -3.278696310842796433e-05 9.993400941941681381e-01
2.051230999999999938e+01 -1.897000000000148567e-04 -5.221000000000053376e-02 1.546299999999973807e+00 3.649796635015836038e-02 -5.614468955171981916e-06 -3.336941854063709681e-05 9.993337266935717889e-01
2.061639999999999873e+01 5.218000000000000416e-03 -4.291899999999948534e-02 1.541699999999991633e+00 3.660401628659144119e-02 -2.494374409868042265e-05 -3.474254811155862963e-05 9.993298475290607330e-01
2.072042000000000073e+01 5.073400000000005683e-03 -5.138100000000012102e-02 1.549900000000036471e+00 3.676917797260785548e-02 -2.418860648108294068e-05 -3.593055188706650648e-05 9.993237842036611918e-01
2.082451999999999970e+01 1.137559999999998572e-02 -3.790199999999988023e-02 1.550699999999949341e+00 3.683604213102296965e-02 -4.632617736333964891e-05 -3.531854577339449186e-05 9.993213210007114711e-01
2.092868999999999957e+01 1.326369999999998939e-02 -3.799900000000011602e-02 1.554000000000030468e+00 3.690255690039435932e-02 -5.253549888022831745e-05 -3.099052131229471010e-05 9.993188668157035881e-01
2.103277999999999892e+01 1.656659999999998689e-02 -3.165300000000037528e-02 1.550700000000006185e+00 3.692368799850203470e-02 -6.352367469443741244e-05 -2.588802291681309049e-05 9.993180857760667335e-01
2.113678000000000168e+01 1.519370000000003218e-02 -3.590800000000005099e-02 1.544899999999984175e+00 3.697494488092208098e-02 -5.793228721664744522e-05 -2.712164643940555183e-05 9.993161908822048023e-01
2.124088000000000065e+01 1.457129999999998149e-02 -3.864599999999995816e-02 1.554500000000018645e+00 3.704447457203633581e-02 -5.516722268896319192e-05 -3.369849178727167408e-05 9.993136158007009939e-01
2.134491999999999834e+01 1.307780000000000054e-02 -3.890399999999960556e-02 1.553699999999992087e+00 3.711447736944901293e-02 -4.948310148901586788e-05 -3.678555691551201225e-05 9.993110185361903097e-01
2.144889999999999830e+01 1.255540000000002210e-02 -3.532700000000055240e-02 1.556699999999977990e+00 3.715896071151236074e-02 -4.719670060197110454e-05 -3.435970802776054694e-05 9.993093656274428804e-01
2.155290000000000106e+01 1.183239999999999292e-02 -3.440299999999929526e-02 1.558899999999994179e+00 3.719630336764480349e-02 -4.418630407256615120e-05 -3.254511232239244299e-05 9.993079765538591674e-01
2.165701999999999927e+01 9.865600000000002145e-03 -3.770000000000006679e-02 1.562400000000025102e+00 3.725534647172328018e-02 -3.704668881658251876e-05 -3.253301953973850166e-05 9.993057773916937947e-01
2.176101999999999848e+01 7.516399999999978654e-03 -3.956600000000065620e-02 1.569099999999991724e+00 3.732577303640355337e-02 -2.874550804060805006e-05 -3.090178611428381759e-05 9.993031496427949856e-01
2.186503000000000085e+01 7.139900000000004576e-03 -4.050999999999937984e-02 1.571599999999989450e+00 3.740124236976773153e-02 -2.717334941981111129e-05 -2.848250271136864296e-05 9.993003279893156732e-01
2.196914999999999907e+01 1.100439999999999752e-02 -3.055500000000055394e-02 1.577899999999999636e+00 3.740861537169514611e-02 -3.984865332004034188e-05 -2.540017736000634466e-05 9.993000516676101563e-01
2.207317000000000107e+01 7.336300000000017807e-03 -3.245299999999939899e-02 1.586500000000000909e+00 3.742761704796772337e-02 -2.725521551649629049e-05 -2.021681487863627262e-05 9.992993407035473119e-01
2.217715000000000103e+01 6.173399999999995558e-03 -3.239400000000003388e-02 1.584400000000016462e+00 3.744562630171444778e-02 -2.308307690381611188e-05 -1.571978937636999440e-05 9.992986662109242246e-01
2.228115000000000023e+01 7.425899999999985290e-03 -3.598899999999982668e-02 1.591900000000009641e+00 3.748684196905246319e-02 -2.694580409749740860e-05 -1.473105235023562215e-05 9.992971208485027512e-01
2.238526999999999845e+01 1.165120000000001432e-02 -3.088200000000007606e-02 1.596499999999991815e+00 3.749335932067263122e-02 -4.052132397062549381e-05 -1.510527940573384030e-05 9.992968758765853332e-01
2.248927000000000120e+01 1.327209999999999501e-02 -3.563600000000022305e-02 1.599100000000021282e+00 3.753040300955424319e-02 -4.537418177173141134e-05 -1.568303816119405553e-05 9.992954851019624218e-01
2.259328000000000003e+01 1.031700000000000672e-02 -3.537500000000015632e-02 1.602999999999951797e+00 3.756498081837853636e-02 -3.529057599276219653e-05 -1.875129080664419084e-05 9.992941862229957062e-01
2.269742000000000104e+01 4.490599999999997372e-03 -4.516800000000031901e-02 1.607300000000009277e+00 3.766199289155280905e-02 -1.615920200654719354e-05 -2.251326839523551317e-05 9.992905350915064489e-01
2.280140000000000100e+01 3.250489999999994772e-03 -4.193999999999942219e-02 1.614200000000039381e+00 3.773659117844623684e-02 -1.202069975112185035e-05 -2.500454666625858956e-05 9.992877207874147905e-01
2.290540000000000020e+01 -3.334929999999999839e-03 -4.471999999999987097e-02 1.611400000000003274e+00 3.782794206975022278e-02 9.095059446644044066e-06 -2.569666814466544478e-05 9.992842668909227566e-01
2.300939999999999941e+01 -9.938660000000001937e-03 -4.426299999999994128e-02 1.623699999999985266e+00 3.791488299297574027e-02 2.988611785598699509e-05 -2.070991523649963966e-05 9.992809716618986648e-01
2.311348999999999876e+01 -1.458099999999989960e-03 -3.865899999999999892e-02 1.627099999999984448e+00 3.796450928791818280e-02 2.769084172583849286e-06 -1.110911266690871396e-05 9.992790880947360899e-01
2.321742000000000061e+01 -6.885000000000085496e-04 -4.173800000000049693e-02 1.628800000000012460e+00 3.803270006401900799e-02 3.917805016848406392e-07 -4.686780881134702971e-06 9.992764951222063985e-01
2.332140000000000057e+01 2.827700000000002434e-03 -3.593599999999952388e-02 1.628399999999999181e+00 3.806376898813165072e-02 -1.054735756469028508e-05 -5.283586646496870118e-06 9.992753120893436147e-01
2.342539999999999978e+01 1.872100000000001541e-03 -3.848300000000026699e-02 1.629799999999988813e+00 3.811032559774380629e-02 -7.507475605812310560e-06 -6.992087281838536639e-06 9.992735376149927129e-01
2.352955000000000041e+01 3.051899999999996282e-03 -3.655900000000045225e-02 1.631599999999991724e+00 3.814429484491236449e-02 -1.109814344200618707e-05 -5.976176937105307519e-06 9.992722414897258210e-01
2.363354999999999961e+01 2.086770000000001679e-03 -4.187799999999963774e-02 1.625800000000026557e+00 3.821097472089803049e-02 -7.989179608887429036e-06 -5.322839204270793476e-06 9.992696939859224692e-01
2.373752999999999957e+01 2.346750000000008551e-03 -3.880600000000011818e-02 1.628499999999974079e+00 3.825832091556280457e-02 -8.697373402769277670e-06 -6.286257127926563700e-06 9.992678823846787850e-01
2.384166000000000096e+01 2.373859999999991532e-03 -4.473099999999963217e-02 1.629400000000032378e+00 3.834117567908657681e-02 -8.689794838076535694e-06 -8.074637626433099445e-06 9.992647067253167537e-01
2.394565000000000055e+01 9.140960000000003527e-03 -3.660900000000033572e-02 1.626599999999996271e+00 3.837395554824637317e-02 -2.921634161022813146e-05 -5.816191601331104148e-06 9.992634480697063504e-01
2.404964999999999975e+01 1.054238000000000397e-02 -3.668500000000030070e-02 1.626599999999996271e+00 3.840701848331865703e-02 -3.314233436614120868e-05 -2.578732646170300447e-07 9.992621777255161764e-01
2.415367000000000175e+01 1.021487000000000089e-02 -3.013099999999990786e-02 1.618599999999958072e+00 3.840076662277202429e-02 -3.175510974414920998e-05 4.155776651090746228e-07 9.992624180435406567e-01
2.425778000000000034e+01 5.763359999999995154e-03 -4.125299999999931799e-02 1.619900000000029650e+00 3.846157259401620371e-02 -1.817757379567084433e-05 -7.147844690558932795e-07 9.992600798103865589e-01
2.436177999999999955e+01 4.099339999999999928e-03 -3.728300000000039915e-02 1.613099999999974443e+00 3.849846302779309781e-02 -1.300396535756259244e-05 -2.006534981228242264e-06 9.992586592926619993e-01
2.446577999999999875e+01 4.852129999999996168e-03 -4.177099999999978053e-02 1.607300000000009277e+00 3.856233828907749961e-02 -1.502301191662109497e-05 -9.891070343852561254e-06 9.992561962490673633e-01
2.456978000000000151e+01 4.017060000000002851e-03 -3.963699999999992230e-02 1.611400000000003274e+00 3.861311239888164798e-02 -1.257428791642705351e-05 -1.406554090778429713e-05 9.992542355151260436e-01
2.467389999999999972e+01 2.910349999999999049e-03 -3.920900000000049346e-02 1.607599999999990814e+00 3.866086719329699800e-02 -9.271025399970694001e-06 -6.914943220403146323e-06 9.992523891460525221e-01
2.477789999999999893e+01 3.267110000000003622e-03 -3.041399999999949699e-02 1.617500000000006821e+00 3.865638886550545883e-02 -1.022430874374659151e-05 3.236537715570640133e-06 9.992525624109587223e-01
2.488203000000000031e+01 2.492929999999997370e-03 -2.710699999999999221e-02 1.606600000000014461e+00 3.863273374435250568e-02 -7.747899949358611404e-06 6.464081809205663042e-06 9.992534772426983070e-01
2.498601999999999990e+01 1.663440000000002139e-03 -2.386400000000055144e-02 1.599699999999984357e+00 3.859149851809146742e-02 -5.251817372700971614e-06 1.893032105488898752e-06 9.992550706456099219e-01
2.509017000000000053e+01 5.986899999999989452e-04 -2.486199999999971766e-02 1.602900000000033742e+00 3.855660186874688977e-02 -2.237443766359843001e-06 1.318503175227523780e-06 9.992564177655255397e-01
2.519415000000000049e+01 -2.523850000000001093e-03 -3.050800000000020162e-02 1.599699999999984357e+00 3.855444128339400450e-02 6.755950615733080219e-06 4.705883398550714816e-06 9.992565010994609587e-01
2.529827999999999832e+01 -4.491570000000000285e-03 -2.908699999999964092e-02 1.598099999999988086e+00 3.854445711258339818e-02 1.236065852889732510e-05 4.179905847448637911e-06 9.992568862187735101e-01
2.540240000000000009e+01 -1.104685999999999862e-02 -3.582000000000018503e-02 1.594600000000014006e+00 3.857314218601252259e-02 3.087230597634319879e-05 6.685056315578024588e-07 9.992557789416839364e-01
2.550653000000000148e+01 -1.016057000000000071e-02 -3.280300000000035965e-02 1.598599999999976262e+00 3.858447097290616107e-02 2.805899377288071950e-05 -1.692350128042118526e-06 9.992553416467532257e-01
2.561054000000000030e+01 -1.229531000000000374e-02 -3.770199999999945817e-02 1.591499999999996362e+00 3.862347554218071438e-02 3.382717064565971882e-05 -3.073944065402136076e-06 9.992538346102635138e-01
2.571464999999999890e+01 -1.063749999999999418e-02 -3.898799999999980059e-02 1.592900000000042837e+00 3.866966953328478118e-02 2.888901988400052729e-05 -5.400066169061814526e-06 9.992520481812636746e-01
2.581865000000000165e+01 -1.159633000000000191e-02 -3.921100000000077301e-02 1.590999999999951342e+00 3.871672668727831751e-02 3.131073310038178837e-05 -8.352613255768675401e-06 9.992502259316703439e-01
2.592277999999999949e+01 -1.180151000000000117e-02 -3.695199999999942975e-02 1.590700000000026648e+00 3.875092016586086097e-02 3.157676529633338211e-05 -1.001162450871408134e-05 9.992489004692346466e-01
2.602697999999999823e+01 -1.320000000000000340e-02 -3.722000000000047493e-02 1.591200000000014825e+00 3.878628186459914112e-02 3.520284739433750628e-05 -1.220954464928601362e-05 9.992475283686250709e-01
2.613090000000000046e+01 -9.919199999999989137e-03 -3.808200000000017127e-02 1.585299999999961074e+00 3.882637332787233081e-02 2.587122307689034090e-05 -1.647466251942561721e-05 9.992459716173339723e-01
2.623505000000000109e+01 -9.774599999999994404e-03 -3.869999999999951257e-02 1.597700000000031650e+00 3.886916465209991345e-02 2.516463968486659514e-05 -1.711679932741443200e-05 9.992443080213184725e-01
2.633915000000000006e+01 -1.330470000000000264e-02 -3.968099999999985528e-02 1.597100000000011732e+00 3.891631674512084638e-02 3.459095715352486776e-05 -1.467598241413975506e-05 9.992424725155925058e-01
2.644329000000000107e+01 -1.156160000000000521e-02 -3.448600000000023869e-02 1.597299999999961528e+00 3.893481365280637707e-02 2.960146713258865998e-05 -1.531518124010609178e-05 9.992417521175841477e-01
2.654779999999999873e+01 -1.902960000000000762e-02 -4.140600000000027592e-02 1.605500000000006366e+00 3.899018937216498087e-02 4.954895178988165096e-05 -1.901111716196338380e-05 9.992395920479740790e-01
2.665140999999999849e+01 -1.702739999999999809e-02 -3.679100000000001813e-02 1.588700000000017099e+00 3.902065062568573633e-02 4.369420703812013334e-05 -2.034267531401447588e-05 9.992384032360545065e-01
2.675793000000000177e+01 -2.007960000000000300e-02 -4.375899999999965928e-02 1.640100000000018099e+00 3.908646866972452505e-02 5.145325342653831000e-05 -2.013686701216639162e-05 9.992358304794719537e-01
2.686258000000000123e+01 -1.481530000000000347e-02 -3.796800000000022379e-02 1.609899999999981901e+00 3.911963373925782944e-02 3.700711342044337950e-05 -2.183895494077523511e-05 9.992345332351360021e-01
2.696366000000000085e+01 -1.417590000000001904e-02 -3.812799999999949563e-02 1.555799999999976535e+00 3.915774366139528756e-02 3.510010673651095260e-05 -2.467548477675873415e-05 9.992330405218051714e-01
2.706782000000000110e+01 -1.059849999999995518e-02 -3.440000000000065228e-02 1.606200000000001182e+00 3.917597898355978242e-02 2.522647396627428749e-05 -2.726242996234849150e-05 9.992323259838349347e-01
2.717192000000000007e+01 -7.813400000000025880e-03 -3.508200000000005758e-02 1.605600000000038108e+00 3.919506561136966438e-02 1.766298794778340777e-05 -2.850736311849093378e-05 9.992315776170553887e-01
2.727606000000000108e+01 -7.957300000000000484e-03 -3.399299999999971789e-02 1.614199999999982538e+00 3.920785557302768759e-02 1.787095314215416861e-05 -2.912570475510733694e-05 9.992310758246497615e-01
2.738014000000000081e+01 -9.433999999999997943e-03 -3.664600000000017843e-02 1.613099999999974443e+00 3.923403768456761032e-02 2.156869727997882009e-05 -2.880932345397788755e-05 9.992300480829127141e-01
2.748470000000000013e+01 -8.294099999999970940e-03 -3.702199999999944424e-02 1.620600000000024465e+00 3.926164080797802519e-02 1.843778052930945574e-05 -2.947085526120640371e-05 9.992289639279789970e-01
2.758840999999999966e+01 -7.878600000000013370e-03 -3.663000000000060652e-02 1.610399999999970078e+00 3.928711004325603773e-02 1.722533165800710695e-05 -3.175065035079880759e-05 9.992279628191123031e-01
2.769253000000000142e+01 -7.052200000000008462e-03 -3.803899999999948989e-02 1.616600000000005366e+00 3.931985593058294481e-02 1.491765380227027238e-05 -3.303465601637786008e-05 9.992266747919479331e-01
2.779654000000000025e+01 -5.436400000000007893e-03 -3.485000000000049170e-02 1.617900000000020100e+00 3.933553264651631215e-02 1.061456981735177794e-05 -3.224328568997114039e-05 9.992260578663448856e-01
2.790067000000000164e+01 -4.204399999999997029e-03 -3.283099999999983254e-02 1.620200000000011187e+00 3.934054095083123342e-02 7.371503302716365382e-06 -3.050293409383860127e-05 9.992258607806986381e-01
2.800523000000000096e+01 -3.142099999999981019e-03 -3.176600000000018298e-02 1.629999999999995453e+00 3.933946080616123470e-02 4.615170379994752633e-06 -3.067833469879378605e-05 9.992259033176734695e-01
2.810894000000000048e+01 1.069999999997461870e-05 -3.549599999999930589e-02 1.622000000000014097e+00 3.935725613065260697e-02 -3.434319222484475682e-06 -3.138256024867719504e-05 9.992252025410519600e-01
